# Time-averaged data for fix 3
# TimeStep c_st[0] c_st[1] c_st[2] c_st[3] c_st[4] c_st[5] c_st[6]
500 -79.2442 -41.4763 -211.529 15.2723 5.20199 -121.353 -7.52584
1000 -2.39544 -2.62191 -11.067 6.50262 8.3356 -73.8933 -1.36457
1500 -1.38665 -0.632918 -5.49363 1.9666 8.70319 -59.6787 5.0442
2000 0.72146 1.23988 2.41337 -1.48887 1.75668 6.35608 6.94993
2500 -0.580043 0.18518 0.0763607 -2.00167 4.34591 48.87 3.14866
3000 1.25541 0.507622 0.493672 2.76492 4.6432 35.5546 3.34681
3500 1.39834 2.15839 0.519932 1.51671 8.64509 1.27094 -1.88387
4000 0.722062 -1.11164 0.198099 3.07972 7.56622 -24.0723 -3.88835
4500 1.4478 1.74099 2.38435 0.218054 -1.85232 -50.2789 -3.86431
5000 0.787168 1.74431 0.65366 -0.0364667 0.769597 -36.6864 -4.16434
5500 0.336367 0.458465 0.690477 -0.139841 2.19107 -27.3166 -5.40642
6000 1.61233 2.19657 1.76259 0.87782 0.862911 -10.6713 -1.88593
6500 1.0072 0.804513 1.61153 0.605556 3.01688 5.25891 1.3632
7000 0.953325 1.42649 0.611664 0.821818 6.49629 9.02128 8.39571
7500 0.26366 -0.986161 0.18464 1.5925 6.60884 11.9134 5.61494
8000 1.41983 2.31486 1.3224 0.622224 0.795799 -2.92931 6.44507
8500 1.97348 1.36582 1.83736 2.71725 2.50568 -11.4564 2.17734
9000 0.675531 1.75876 0.641432 -0.373601 3.71509 -10.2155 1.93734
9500 0.468332 0.441287 -0.580601 1.54431 -2.2837 -17.1061 -0.0842006
10000 0.318213 -0.898368 0.926864 0.926144 -7.93949 -21.812 -5.82595
10500 2.1933 2.18114 2.63945 1.75932 2.88644 -9.55126 -1.30756
11000 0.0803553 1.36482 -0.579733 -0.54402 4.34835 -8.31842 0.394904
11500 2.17465 2.30267 2.50774 1.71355 7.79771 3.02869 1.79929
12000 0.503432 -0.0458493 1.05523 0.500913 -1.28941 -6.57087 -1.81866
12500 1.39797 1.46784 2.58054 0.145524 0.182958 4.09326 -1.75644
13000 0.915715 1.09434 -0.93237 2.58517 -0.302876 -1.60987 -7.65639
13500 0.159241 0.155586 0.80073 -0.478594 -4.43934 -6.91041 1.85497
14000 1.63108 1.08844 2.70629 1.0985 -3.33899 -11.1775 -0.463926
14500 1.09612 1.0713 -0.0927485 2.30982 2.10192 -13.4676 -1.22188
15000 0.881229 1.46917 0.016973 1.15754 1.9865 -16.5738 -4.80333
15500 0.814214 1.82605 2.38225 -1.76566 0.835358 -11.4382 1.98876
16000 -0.209598 -1.93926 0.427318 0.883147 2.23669 7.3884 5.62259
16500 2.11261 2.39021 0.298254 3.64937 -4.63603 -3.38133 -0.947478
17000 0.328937 -0.616955 1.29598 0.307783 -1.6915 -7.44156 3.24122
17500 1.37853 2.65752 1.30791 0.170153 1.99991 -6.51284 -6.83739
18000 1.75571 1.48553 2.56163 1.21997 -0.0548239 -1.89393 -5.19622
18500 0.747103 1.21619 0.109407 0.915718 0.580566 -1.09433 -3.04067
19000 0.514137 -0.539593 1.00316 1.07884 -0.711043 -6.22907 5.48098
19500 1.33033 1.32159 0.0929019 2.57649 -2.04793 -8.09675 0.814879
20000 0.443344 2.46428 -0.249716 -0.884531 -4.05564 -0.251188 2.86899
20500 1.21989 0.646335 2.99931 0.0140278 -8.68612 7.13081 -0.63388
21000 1.22851 0.20871 1.66498 1.81183 -4.33035 4.97998 -2.31791
21500 0.913155 1.70968 0.558456 0.471329 -5.28104 7.43272 -1.69607
22000 0.750737 0.681405 -0.275845 1.84665 -2.31557 0.246405 2.92177
22500 1.90704 2.17751 2.71739 0.826214 -4.85356 -1.18985 -4.82064
23000 0.138938 -0.529379 0.260079 0.686115 -6.00909 -0.36388 -1.40704
23500 1.5156 0.310195 2.294 1.94261 -7.38115 -10.3576 -1.42446
24000 1.3289 2.35879 0.0484925 1.57942 -5.83983 -7.59746 4.348
24500 -0.00893183 -0.121347 0.656093 -0.561541 -9.78719 1.81655 0.0701275
25000 1.24091 1.03341 0.536543 2.15278 -0.177734 -0.2798 6.29503
25500 1.35884 1.57401 1.60507 0.897425 1.64349 -4.06039 10.6781
26000 0.957968 1.36059 1.32263 0.190685 -0.927481 -5.63916 10.8106
26500 0.873912 0.55493 0.7451 1.3217 -2.04825 -9.17379 10.7578
27000 1.63675 1.87456 2.0934 0.942286 2.44166 -5.5832 0.428299
27500 0.277124 0.579023 -0.648397 0.900745 -8.41324 -12.6948 -2.41878
28000 1.3835 0.681759 1.99578 1.47294 -2.53417 -4.27835 0.913544
28500 0.872879 1.45391 0.71971 0.445019 0.180939 -10.9581 -10.1264
29000 1.02112 -0.0464017 1.81575 1.29401 2.77151 1.16847 -12.0464
29500 0.890709 0.891255 0.629562 1.15131 -2.17819 2.01714 -12.373
30000 0.699857 0.972934 0.104189 1.02245 3.07122 -2.71295 -7.61374
30500 1.34186 1.93739 1.26312 0.825086 1.18068 4.83719 4.69466
31000 0.742913 0.753759 0.913797 0.561182 0.558495 1.39047 8.61213
31500 1.43012 1.20737 1.32784 1.75515 -2.87315 3.62114 8.20595
32000 0.7031 0.301031 0.141525 1.66675 -3.45748 3.63335 8.92355
32500 1.09681 1.60811 1.67074 0.0115774 0.588217 10.9198 5.84359
33000 1.60556 1.22439 2.05151 1.54077 -4.97885 -12.6468 -1.21378
33500 0.150971 0.2067 0.0082662 0.237949 -1.49574 -5.90059 -2.84046
34000 1.99894 2.26884 1.00624 2.72172 -3.11288 -2.46749 -4.44506
34500 0.513778 -0.405206 1.91612 0.0304148 -1.6107 -6.26191 -4.1019
35000 0.943662 1.24342 0.907594 0.679967 -4.39406 8.42766 -0.413682
35500 1.18708 2.3531 0.770219 0.437933 -0.321449 9.12083 -1.00046
36000 1.83447 1.19532 1.55752 2.75056 -3.48252 2.47007 6.66967
36500 0.0966013 0.172311 -0.570943 0.688435 -3.2118 -1.78962 3.50433
37000 1.19505 1.77387 1.73302 0.0782538 1.66509 -5.77681 3.89971
37500 0.603486 0.829084 0.0473784 0.933996 -2.65317 1.7879 -1.51966
38000 0.149346 -1.00652 1.47639 -0.021828 -2.48107 3.8337 -8.05015
38500 1.74981 1.64479 0.397206 3.20743 -9.91225 -7.90731 -7.13857
39000 1.29639 2.4928 1.76127 -0.364891 -0.492248 5.75048 -5.88277
39500 0.402165 -0.62472 1.19273 0.638484 -0.532537 4.68813 -2.55101
40000 1.47049 1.68034 1.10856 1.62258 -1.29581 9.34372 1.70678
40500 0.852228 1.26499 0.817192 0.474497 -4.64691 -0.97484 -1.78731
41000 1.24052 1.60075 0.875124 1.2457 -2.02314 5.68271 4.44877
41500 -0.327088 -0.146512 -0.112833 -0.721919 2.32982 7.84144 5.60837
42000 2.83129 1.44392 3.16845 3.88151 -2.9655 -14.5224 6.06301
42500 0.828919 2.22852 0.902984 -0.64475 -4.97201 -12.4979 -0.51925
43000 0.196637 -1.58166 1.21665 0.954926 -3.82833 -6.21016 -0.262125
43500 1.53909 2.13843 0.185982 2.29284 -1.84694 -7.43475 0.857722
44000 0.386285 0.281139 1.12769 -0.249978 1.35897 3.36761 -4.03813
44500 1.36523 1.81142 0.45205 1.83223 -2.37162 14.9885 -6.35475
45000 0.947077 1.54815 1.19345 0.0996359 -7.0629 -7.76099 -1.95948
45500 0.636643 0.362923 0.854611 0.692394 -2.9924 3.7652 -2.32519
46000 1.49411 0.531131 0.872599 3.07859 -4.0201 -6.46874 3.91457
46500 1.78445 2.41865 2.61597 0.318729 3.08744 -16.3858 5.26626
47000 -0.127192 0.594675 -0.6139 -0.36235 -2.24838 -15.2823 5.71742
47500 1.48638 0.642153 2.08247 1.73451 -1.08235 0.873276 4.68572
48000 0.802149 0.489683 0.474758 1.44201 -1.51538 -4.40656 8.47791
48500 0.584709 2.4198 -0.0862796 -0.579389 -5.1565 -0.0360171 6.10833
49000 1.50458 -0.60704 2.55236 2.56842 -2.6317 8.08698 -1.50936
49500 1.47505 2.55211 0.497364 1.37567 -2.73283 9.39159 -1.63977
50000 0.76553 0.0353373 1.94039 0.320862 0.195169 7.14015 -1.2303
50500 0.634057 1.25771 -0.185831 0.83029 -4.71141 4.93928 -1.66874
51000 1.43189 0.686106 2.21792 1.39166 -3.63788 3.50092 -4.37355
51500 0.820198 0.632929 0.891295 0.936369 -1.41289 -2.80083 -4.39423
52000 0.749639 2.02986 -0.413456 0.632514 -2.84559 -1.38764 -3.53836
52500 1.34707 0.859315 1.54044 1.64147 -3.62987 -15.4005 -2.39621
53000 1.74569 1.17272 2.40982 1.65454 0.72466 -18.6842 -1.52898
53500 0.730021 1.07064 0.58822 0.531207 2.81746 12.9847 -2.92355
54000 0.937553 1.34452 1.86324 -0.39511 0.574553 14.5327 -2.77865
54500 1.20134 0.311496 0.675676 2.61686 -4.87787 8.38257 0.314972
55000 0.248243 0.739249 -0.306583 0.312061 3.82009 10.8832 7.9466
55500 1.05647 0.918938 1.28444 0.966035 2.91111 8.61314 3.5057
56000 0.954453 1.15078 0.647998 1.06458 -2.54686 -6.03055 3.38463
56500 0.918015 2.31773 -1.38616 1.82248 -2.62033 -13.9498 6.39467
57000 1.54656 1.13875 3.46371 0.0372198 -6.71308 -7.14032 6.67411
57500 0.611217 0.213842 0.16446 1.45535 -6.25814 1.30331 11.1584
58000 1.01862 0.654033 1.57085 0.830989 -0.289189 12.0279 4.77066
58500 0.795535 2.49633 -0.0884421 -0.0212826 -2.42702 5.44413 3.58565
59000 0.531016 -0.134714 1.25865 0.469109 0.172852 10.3698 2.83311
59500 1.20204 -0.0442453 1.24351 2.40684 0.944013 2.96144 1.5134
60000 2.06935 3.34131 1.1976 1.66914 4.20535 -2.48396 5.38753
60500 0.563871 -0.534038 0.888376 1.33728 -1.91068 -7.40885 0.984078
61000 0.59993 1.26013 1.33347 -0.79381 -1.11428 -4.78583 8.89977
61500 1.87867 1.43424 2.11415 2.08763 -4.62576 6.83769 1.92388
62000 -0.514621 -0.552432 -1.42053 0.429102 -6.21129 18.7496 1.56676
62500 0.975465 0.724663 1.81764 0.384093 -7.62215 15.0621 -4.13487
63000 1.81679 1.49715 0.793401 3.15982 -0.359625 12.5463 -0.730513
63500 0.59903 0.43841 1.60586 -0.247184 -0.127986 15.4361 5.38294
64000 1.56466 2.22412 1.18278 1.28709 -4.1381 0.377425 6.07956
64500 0.081834 -0.557844 0.56246 0.240886 -7.0675 -0.756669 6.7815
65000 1.51364 2.47355 0.611897 1.45549 0.795976 -1.9178 14.5702
65500 0.90041 0.819014 1.60499 0.277229 -3.25497 7.1428 8.45497
66000 0.797373 2.37818 -0.112001 0.125936 -5.99406 -3.69165 16.4584
66500 1.07384 -1.2159 1.36389 3.07353 0.966298 3.60221 2.70227
67000 0.911652 0.805001 1.01895 0.911007 -0.660331 6.24979 -1.79111
67500 0.638075 1.34286 1.46384 -0.892473 2.20548 1.50677 -7.54527
68000 1.28536 2.68609 -0.183956 1.35394 -1.72555 5.99438 -7.789
68500 1.5036 -0.477918 2.37612 2.6126 0.177576 12.5574 -11.0078
69000 0.343244 2.68097 -0.33811 -1.31313 1.5709 15.45 -0.102038
69500 1.48779 -0.119557 1.76599 2.81693 1.94609 15.6549 5.41702
70000 0.938557 0.512434 1.3261 0.977137 0.0344953 10.9063 10.8579
70500 0.743825 1.28146 0.734533 0.215486 -4.50309 8.70771 11.0959
71000 1.66889 2.24702 1.0552 1.70446 1.28123 1.77943 15.8471
71500 1.1125 0.195652 1.08578 2.05608 -0.343873 -2.97166 4.79822
72000 -0.180804 0.702925 0.088346 -1.33368 -1.62003 19.4793 1.55842
72500 1.32613 1.49959 0.868293 1.6105 -0.774119 2.32804 2.21786
73000 0.656557 0.890838 -0.166967 1.2458 2.49494 6.27988 -1.26466
73500 1.744 1.37884 2.14072 1.71243 -3.8982 12.1424 -4.54065
74000 0.588024 1.023 0.317065 0.424004 -2.66631 5.15567 -3.22288
74500 1.32698 1.10349 1.62844 1.24902 -5.65877 6.81791 -8.20012
75000 0.771165 1.77856 0.530815 0.00411577 -1.06591 -13.321 -2.58047
75500 0.858076 -0.265174 1.27677 1.56263 -0.603622 -1.66771 3.40203
76000 1.26958 0.851426 2.57019 0.387136 1.9131 13.8939 8.15229
76500 1.97525 2.65639 1.03122 2.23813 -2.76744 0.688418 7.54548
77000 0.898597 -0.323596 1.3995 1.61989 -5.29294 7.49325 -1.29389
77500 0.027348 1.47005 -1.12954 -0.258473 1.38892 18.345 0.18406
78000 1.35548 0.154598 2.57325 1.33858 -1.34411 3.04718 -7.26131
78500 0.0217124 -0.248884 0.306934 0.00708698 -1.26626 3.38396 -8.96879
79000 1.22371 2.61396 0.738043 0.319116 -3.33172 0.72254 -6.14049
79500 1.85804 0.991033 1.6216 2.96148 -4.84182 4.82267 -8.72598
80000 1.42859 1.51498 1.41351 1.35728 -4.24744 7.15164 -1.44589
80500 1.13441 0.528908 2.16273 0.711582 -5.15719 -1.43439 -4.93725
81000 0.218158 0.925676 -1.05616 0.784961 0.621759 1.67677 -5.65152
81500 0.938727 1.38145 0.77987 0.654861 -0.945487 2.87947 -3.77432
82000 1.5196 1.86598 2.25169 0.441132 -2.26891 14.1082 -5.89546
82500 1.18807 0.673826 0.435871 2.45452 -2.20883 6.36195 -0.486047
83000 -0.0222709 0.0640281 1.10158 -1.23242 3.00995 17.632 -6.57284
83500 1.29986 1.55883 -0.435524 2.77628 -1.56261 5.22269 -6.67596
84000 0.869251 0.831365 2.8757 -1.09931 0.000386505 5.99568 -4.62044
84500 1.24649 -0.170592 0.876432 3.03363 2.02459 1.86802 -4.04825
85000 0.8821 1.97743 0.875182 -0.206311 2.84608 -0.178233 -1.24816
85500 1.72127 1.18787 0.836531 3.13942 2.83161 4.45692 -4.36337
86000 0.909021 2.22657 1.32915 -0.828656 2.57334 4.42964 -6.92871
86500 1.10866 0.902519 1.43916 0.984286 10.2571 2.30337 2.37542
87000 0.828682 -0.24932 0.378433 2.35693 3.94915 5.91818 -1.98473
87500 0.232899 0.745921 0.520907 -0.568133 -2.00351 -2.53986 -4.95998
88000 1.41513 1.88291 1.39577 0.966707 1.91704 8.20486 -5.05376
88500 0.958202 0.839552 -0.131977 2.16703 2.98363 -2.77937 -8.92137
89000 1.1756 0.986328 1.38575 1.15471 3.64694 -1.69483 -9.43976
89500 1.43459 1.49993 1.60158 1.20225 1.02387 -1.38253 -1.8237
90000 0.95329 0.696824 0.515165 1.64788 -0.139526 5.67708 2.78126
90500 0.279057 0.303187 1.49024 -0.956259 2.98522 3.67097 -4.00946
91000 1.69697 1.25495 1.12494 2.71103 -0.775747 -1.22661 -1.57958
91500 0.640365 -0.849352 2.56212 0.208332 -1.07188 0.289097 0.711657
92000 0.953675 2.32267 -0.457529 0.995879 -3.47189 2.49368 -1.02782
92500 0.886533 0.809173 0.826891 1.02353 0.230992 -2.76319 -7.32787
93000 1.07017 1.46709 0.576988 1.16642 -3.91995 3.95158 -1.58278
93500 0.452381 -0.472556 0.557221 1.27248 4.3065 -14.7258 -4.07638
94000 2.50564 3.0583 3.32422 1.13441 3.22865 -5.99626 -2.9011
94500 -0.0193858 0.421373 -0.230101 -0.249429 0.816575 -10.1663 8.01191
95000 1.86091 2.6121 1.81005 1.16059 0.745261 -8.48021 5.92534
95500 0.159024 -0.392489 0.355694 0.513868 -1.29037 0.610936 3.88247
96000 2.12196 1.83861 2.95471 1.57256 3.33281 7.5581 -0.345386
96500 -0.421997 -1.28491 -1.2194 1.23831 6.88059 3.00439 3.90863
97000 1.16789 2.29849 1.4008 -0.195612 4.21382 0.162371 1.14064
97500 1.32505 0.909632 1.27003 1.79549 3.89578 6.15991 4.5769
98000 1.23588 1.9572 1.47691 0.27351 4.52415 4.56227 -1.35019
98500 0.133668 -0.429223 -0.445037 1.27526 2.21268 -9.21418 2.81827
99000 1.28284 2.65241 1.01203 0.184086 -3.05795 -0.80401 0.0425288
99500 1.52193 0.301439 1.42209 2.84227 1.31627 4.81042 -2.98716
100000 1.214 1.59315 2.2764 -0.227551 -1.16646 12.1212 -0.230043
100500 0.414735 -0.208494 0.301638 1.15106 -5.99429 12.9696 -5.09997
101000 1.47612 1.69485 1.2831 1.45041 1.05256 12.2263 -2.73277
101500 1.41001 2.15822 0.659857 1.41195 1.19252 13.9177 2.54546
102000 0.226729 0.136991 0.702792 -0.159598 1.6833 8.38933 -1.82819
102500 1.37775 2.13229 0.686423 1.31455 -1.08967 3.90567 -7.46711
103000 0.729759 -1.31689 1.20776 2.2984 3.94319 -3.97733 -3.8836
103500 1.83805 1.71984 2.68806 1.10624 3.11145 -7.99381 -3.91769
104000 -0.120037 0.560199 -0.210187 -0.710123 -1.83839 9.46851 0.481176
104500 1.36545 1.0583 1.51398 1.52406 -3.13505 -0.900982 2.63132
105000 1.0714 0.341674 1.0312 1.84133 -0.487641 4.08595 1.40863
105500 0.853173 2.64769 -0.301259 0.21309 -2.11706 0.780937 6.93027
106000 1.4184 0.29905 2.72078 1.23537 -1.33112 -4.91673 -3.73239
106500 1.1476 0.711199 0.486764 2.24484 -3.49521 -0.506607 -0.617005
107000 0.841917 1.07718 1.27575 0.172814 2.00107 -16.9766 -1.38237
107500 1.35126 2.47029 1.25088 0.332624 -2.0909 -2.79862 -4.64492
108000 0.588339 0.713381 -0.552516 1.60415 -3.52329 1.47818 -3.93068
108500 1.04743 0.523866 1.78233 0.836096 3.03471 -17.5758 -4.12653
109000 0.560281 0.652529 -0.0107796 1.03909 1.66412 14.2755 -4.92261
109500 0.493573 0.346867 1.05122 0.0826362 4.58821 11.286 1.22744
110000 1.86581 1.56951 0.91766 3.11026 5.02873 -1.90935 6.33516
110500 1.75934 2.08743 2.21122 0.979354 3.63785 -0.307972 -0.763124
111000 -0.569045 -0.621678 -0.199555 -0.885901 8.25755 -2.46856 2.20014
111500 2.43938 2.47033 2.40491 2.4429 4.24771 4.57039 0.785112
112000 1.09236 1.5844 0.676835 1.01584 7.00922 5.10407 5.25396
112500 0.0651012 -1.07355 0.558904 0.709954 7.00312 -2.0951 4.23144
113000 1.17649 2.23106 1.4385 -0.140084 5.18917 9.67105 0.625364
113500 1.0744 0.716501 0.335779 2.17093 8.52927 6.72033 -7.75798
114000 0.231561 -0.299446 0.907212 0.0869157 3.54637 -2.69244 -6.32085
114500 1.53215 1.53731 1.43804 1.62108 1.16373 -9.1947 -8.37146
115000 0.940748 0.683671 1.85064 0.287933 4.44232 -4.82122 -2.62663
115500 0.878867 0.932475 0.363573 1.34055 4.11747 -5.06327 -0.438939
116000 0.742481 0.153212 0.221341 1.85289 4.44773 -6.10088 6.00682
116500 0.355088 0.276376 0.657559 0.131329 0.781469 0.870142 6.83375
117000 1.91462 2.44365 2.52734 0.772879 8.65002 11.7227 6.53243
117500 1.26673 2.14268 -0.0947633 1.75228 7.04417 4.55725 7.90891
118000 1.42416 0.724403 1.91527 1.63282 11.2287 2.05045 5.48808
118500 -0.105743 0.369837 0.259289 -0.946356 -0.739852 1.91274 -2.43112
119000 1.72791 1.30042 1.65512 2.22819 5.9517 7.08618 1.69117
119500 0.401093 0.134544 0.549692 0.519043 3.51335 -9.83352 -9.16879
120000 1.71682 2.63536 1.63354 0.881555 3.31106 -1.01284 -5.59188
120500 0.92737 -0.13926 1.39675 1.52462 7.06968 2.28238 0.285721
121000 1.58332 1.50739 1.47732 1.76524 2.18738 7.53035 2.51613
121500 0.593704 1.08797 1.5213 -0.828155 0.382936 12.0915 3.61626
122000 0.999512 1.52646 0.181174 1.2909 4.10227 6.94958 -4.41885
122500 0.776307 -0.000206881 1.27638 1.05275 0.966053 6.9931 -1.67961
123000 0.78316 1.31639 0.672122 0.360966 -2.30837 -2.66641 -2.3614
123500 1.48712 1.3618 -0.00255807 3.10213 3.77741 -6.64698 -0.533882
124000 0.799716 0.518812 2.0288 -0.148459 -1.61858 -10.4009 -1.3171
124500 0.762505 0.659598 0.844658 0.783258 -2.68955 -11.0292 -2.02811
125000 1.04024 1.73103 1.25038 0.139309 -2.86658 -4.63535 -2.14781
125500 1.60443 1.11948 0.705711 2.9881 1.55793 3.77512 -3.25551
126000 1.17478 1.1804 2.17893 0.164994 -2.73542 1.521 6.63618
126500 0.679431 0.997894 -0.709653 1.75005 -3.53981 3.31916 1.24514
127000 0.769575 0.767894 1.6203 -0.0794631 -3.03346 -2.2923 5.66403
127500 0.927891 0.566601 -0.163882 2.38095 3.36403 1.42066 -1.21907
128000 1.45668 0.361191 2.61421 1.39465 -2.19844 -6.63147 -2.35749
128500 0.251735 1.65425 0.414763 -1.3138 -0.853169 -0.189211 0.142831
129000 1.28857 0.808983 0.486706 2.57004 -1.80684 -4.09908 -1.33255
129500 0.436989 0.829495 1.15941 -0.677932 -5.8564 9.63294 -1.33299
130000 1.53289 1.24014 0.843003 2.51553 -6.48726 6.95072 0.0562972
130500 0.847522 1.07731 1.02307 0.44219 -3.45948 -1.76899 1.79056
131000 1.27475 0.940232 1.42139 1.46262 -5.62897 -6.42635 -1.09015
131500 0.166192 0.73562 -0.0641064 -0.172937 -2.44364 5.18929 5.08416
132000 1.66038 0.319079 2.52369 2.13838 1.61716 5.05182 1.67379
132500 1.04963 1.43795 0.460242 1.25069 4.47656 6.58394 -4.7534
133000 1.70659 2.47489 1.70353 0.941357 -6.82816 0.188579 -4.3366
133500 -0.300377 -1.20352 -1.2377 1.5401 -1.21787 -0.532903 0.0287394
134000 2.27018 3.52271 2.39347 0.894358 -1.08317 3.40534 -2.64151
134500 0.665578 -0.834923 2.19999 0.631664 0.341928 -14.8394 -2.18027
135000 0.412871 1.21402 -0.484907 0.509497 -1.84807 -2.2189 4.33251
135500 0.626454 0.0222074 0.565894 1.29126 0.132059 10.0205 7.40258
136000 1.76853 2.31501 1.49716 1.49343 3.34219 -2.90937 3.13003
136500 0.392696 0.615574 0.544641 0.0178725 2.374 4.81616 1.74179
137000 1.73772 3.07058 1.73482 0.407751 2.91984 -1.22624 -0.350362
137500 0.883418 -1.00145 0.469892 3.18181 -5.00219 -15.2925 6.24993
138000 1.26306 1.24122 2.44596 0.102008 -1.64803 -8.08007 -0.421407
138500 0.972609 1.61599 0.206873 1.09496 -4.00706 -8.90052 1.24825
139000 0.374835 -0.138186 0.53411 0.728582 1.10705 0.625625 -5.40538
139500 1.40298 1.12416 0.822588 2.2622 1.94327 -3.19377 0.797593
140000 1.45059 2.23144 2.81575 -0.695428 -0.714916 10.9683 -2.09384
140500 1.10145 0.850848 0.369982 2.08351 -0.454107 4.46042 5.56931
141000 0.452533 1.14521 0.511989 -0.299604 -3.01247 0.676717 8.18385
141500 1.14461 -0.555537 1.67753 2.31185 3.00882 1.2514 7.04461
142000 0.587003 0.443456 0.341872 0.975681 -2.65289 2.34055 2.85952
142500 1.2598 1.81142 1.64461 0.323378 1.00781 -6.9543 6.71153
143000 1.00356 1.05889 0.759388 1.1924 5.96872 6.15418 7.0804
143500 0.663077 1.0245 -0.0695192 1.03425 -1.92255 4.163 -0.147073
144000 1.9173 1.80596 1.77894 2.16701 0.818534 6.31006 2.98407
144500 -0.244322 -0.826904 -0.223014 0.316954 -1.10494 -2.87134 5.30661
145000 1.29013 1.73591 2.2232 -0.088716 6.40266 -12.9687 -1.65753
145500 1.11979 1.51043 0.355045 1.4939 -1.80842 1.85834 -2.00402
146000 1.55058 1.45718 1.38411 1.81044 -1.53653 -6.06816 6.72227
146500 0.770164 0.397712 1.48144 0.43134 -4.14784 -1.26954 9.92247
147000 1.1014 1.90674 1.51262 -0.115164 -2.74366 -4.47138 11.7551
147500 0.909786 1.14651 0.048098 1.53475 -1.06102 7.96275 4.84844
148000 1.33037 1.00223 1.13208 1.85681 -0.883893 0.276289 -1.32844
148500 0.221003 0.590423 1.00305 -0.930461 2.36157 0.0871005 0.423523
149000 1.63808 0.754352 1.19238 2.96752 -0.921289 -4.14131 -8.13085
149500 1.12175 1.20005 1.39305 0.77215 4.14342 -7.21046 -3.35685
150000 1.11841 1.36641 0.500623 1.48819 1.64797 4.50548 3.73851
150500 0.401918 0.505875 0.568506 0.131373 -7.01009 1.38731 0.40911
151000 1.89321 0.539051 2.81099 2.32959 -2.37044 3.67397 8.89958
151500 0.696014 1.70879 -0.310228 0.689478 -0.669744 6.30098 8.74653
152000 0.759474 -0.533985 1.53983 1.27258 1.89306 3.26583 11.8063
152500 0.903331 2.02999 1.05126 -0.371252 -4.12849 3.21187 5.72266
153000 0.753917 0.497211 1.52594 0.238601 -3.60901 9.02418 1.79355
153500 1.58411 2.22971 -0.383355 2.90598 -4.20444 4.11914 -0.749004
154000 0.73032 0.381088 0.564653 1.24522 -1.369 -9.91464 -1.33167
154500 1.26678 0.48037 2.60965 0.710312 2.59336 -7.61803 -4.76013
155000 0.403724 0.871871 0.516248 -0.176949 -0.999928 -4.06452 -0.738874
155500 0.822438 1.00871 0.39023 1.06837 0.393747 1.40481 8.78867
156000 1.32409 1.09616 1.25507 1.62104 -2.03187 -3.09593 9.4443
156500 1.41982 2.09181 0.845755 1.3219 -5.69111 9.05243 8.28109
157000 0.775566 0.327482 0.354352 1.64486 -6.88584 9.17012 3.68628
157500 0.977352 1.4573 1.01057 0.464188 -2.0962 7.32805 4.67069
158000 -0.0716099 -0.853976 0.368579 0.270568 -5.95539 9.73139 1.46533
158500 1.94719 3.00771 1.6533 1.18055 -3.71939 4.32711 2.55347
159000 1.73617 1.93336 2.56238 0.712762 -3.69356 -6.24851 3.9566
159500 0.666566 -0.416028 0.226865 2.18886 -4.58209 -6.88846 7.87535
160000 0.888043 2.07472 1.41713 -0.827724 -4.37364 -8.62494 5.52246
160500 0.111811 -0.0854073 0.0433309 0.377511 -5.42855 -8.5853 6.00918
161000 1.98383 2.29927 0.889786 2.76245 -3.99243 5.5896 7.54794
161500 0.247964 -1.15608 1.32733 0.572651 4.91321 11.5542 6.06283
162000 1.68441 3.04095 1.8585 0.153778 -2.55189 13.3341 11.8768
162500 1.16611 -0.117036 1.26145 2.35391 2.22355 8.19295 13.1253
163000 0.734295 0.677969 0.0322493 1.49267 -2.16113 16.2462 20.9594
163500 0.53863 2.06746 0.557629 -1.0092 -4.32576 3.83988 13.1025
164000 0.919184 0.161059 0.954146 1.64235 -1.08877 1.58217 0.948926
164500 1.36699 0.573614 2.10047 1.42689 -1.89696 -9.0739 5.30712
165000 0.765234 1.32052 -0.100984 1.07617 -11.8513 -10.0757 1.05084
165500 1.34691 2.31623 1.50885 0.215646 -3.30206 16.6039 -3.76134
166000 0.827482 -1.33846 1.22894 2.59196 -8.21296 2.46521 -0.234122
166500 0.471006 1.00853 -0.176191 0.580684 -2.74946 1.53507 -0.113724
167000 1.40067 1.60278 2.10316 0.496074 -3.03176 11.1432 6.93124
167500 0.442477 -0.0609402 -0.0579689 1.44634 -6.08505 1.34438 14.5761
168000 1.8172 3.18391 2.11236 0.155318 -8.37205 3.97756 13.1973
168500 1.80753 1.28634 1.1532 2.98305 -9.54519 -6.00088 12.666
169000 0.144486 0.533822 0.444918 -0.545283 -3.12968 -2.8527 5.71664
169500 1.53449 1.34022 1.76234 1.50092 -2.8154 -3.8101 8.07535
170000 0.272909 -0.441494 0.6061 0.654119 -6.93301 -3.67813 0.0927876
170500 1.28451 1.59427 0.868318 1.39094 -7.45467 1.58102 4.118
171000 0.345176 0.362054 0.194505 0.47897 -3.84553 -3.37227 5.87027
171500 1.7726 2.04188 1.33338 1.94253 -1.16509 -2.12215 4.09738
172000 0.46779 0.299402 0.79432 0.309648 -2.04022 -8.89449 7.26476
172500 1.17921 0.0309765 2.69363 0.813034 -5.87872 6.0555 5.73612
173000 0.770732 2.0604 -0.719606 0.971406 2.1388 2.7685 12.0277
173500 1.57429 0.00264075 2.21996 2.50028 2.10043 8.26993 13.8765
174000 0.728855 2.99284 1.02837 -1.83465 -0.914908 -1.08683 9.56966
174500 1.16638 0.796931 0.847001 1.85522 3.75581 -10.4762 9.59511
175000 0.454794 -0.856795 0.843719 1.37746 6.27452 4.82662 12.3803
175500 1.23891 1.56594 0.723613 1.42717 -7.91045 -1.25808 9.22685
176000 1.01906 1.64106 0.874578 0.541554 -3.02428 2.39524 12.4739
176500 1.24099 1.19735 1.57348 0.952153 -0.333218 -7.17851 9.70664
177000 1.52059 1.81528 1.50617 1.24031 -2.1644 8.36165 7.69649
177500 0.197321 -0.740945 0.0183465 1.31456 0.952962 6.07828 5.31805
178000 2.01904 2.20641 2.42086 1.42985 -3.21919 -4.12302 3.28991
178500 -0.588328 0.558328 -1.69523 -0.628086 -4.88429 -8.73188 7.78666
179000 1.98457 1.73191 2.51568 1.70613 -4.83192 -2.72437 5.76638
179500 1.67507 0.410783 3.39913 1.21529 -2.42607 -5.36123 8.56835
180000 0.948932 1.99699 -0.0945424 0.944347 -1.60874 7.18658 8.63543
180500 -0.324686 -0.0906808 -1.18389 0.300513 2.74224 11.2271 7.27289
181000 0.914603 0.308103 1.8176 0.618108 -2.38081 -12.7568 8.24803
181500 1.46274 1.08653 1.67806 1.62363 -0.609003 10.1181 5.0106
182000 1.2483 1.3428 -0.145908 2.54801 -1.45368 -6.53461 6.01038
182500 1.47084 2.95732 1.89625 -0.441064 -1.22876 -9.68593 7.68801
183000 1.18587 -0.234198 2.15712 1.63468 -2.65835 -9.02417 6.22715
183500 0.050451 1.03664 0.231594 -1.11688 -3.39001 18.6927 4.88363
184000 1.43318 1.58723 0.913453 1.79884 -1.17542 9.4132 10.1903
184500 0.392686 -1.71307 0.662699 2.22843 -0.45851 -1.138 12.9381
185000 2.66678 3.4749 1.84864 2.67679 -3.4576 16.7711 14.6784
185500 -0.752406 -0.266593 -0.113828 -1.8768 -0.610152 12.2113 19.4121
186000 1.78219 2.1963 1.11823 2.03205 -0.423549 -12.7461 15.9154
186500 0.658632 0.00741197 1.11511 0.853369 -1.35556 4.49638 12.4538
187000 1.20331 1.54867 1.44652 0.61475 4.33933 -2.84262 9.7045
187500 0.983058 0.882512 0.506184 1.56048 -2.17368 2.144 1.96803
188000 0.827486 1.18973 0.54618 0.74655 2.17678 5.58458 5.64039
188500 1.26677 -0.526052 2.96215 1.36422 -2.75902 2.96896 -0.575374
189000 1.0267 3.01443 -0.758827 0.824496 -0.118499 -2.39608 1.65466
189500 1.14457 0.674076 1.72745 1.03218 -0.902975 1.33483 3.60555
190000 0.461408 -0.64928 1.00171 1.0318 -1.024 -9.00797 4.61039
190500 1.02554 2.71865 0.617614 -0.259652 -2.96671 -9.3207 2.30971
191000 1.12681 -0.436709 1.10923 2.70791 -0.504176 -2.19299 1.67562
191500 0.67863 0.629765 1.40005 0.00607425 -3.10657 -6.14067 -4.36174
192000 1.19923 1.37088 1.16133 1.06548 -1.46937 5.79649 -2.23646
192500 1.69378 1.77843 1.23755 2.06535 -2.68511 4.38977 0.800071
193000 0.589719 1.19674 0.730184 -0.157765 1.64349 -8.44394 5.0974
193500 0.353118 -1.48418 1.07404 1.46949 -4.22264 -3.73172 6.44288
194000 2.15195 3.36247 0.646676 2.4467 0.750908 -17.6073 14.0058
194500 -0.250169 1.30524 0.144028 -2.19977 -6.31873 -9.82224 13.7595
195000 0.997623 -0.404091 0.618863 2.7781 -1.4241 -11.2014 12.1795
195500 1.50522 1.52728 2.46823 0.520143 -1.1042 11.4465 7.61519
196000 1.54041 0.833252 2.60686 1.18113 -6.67741 1.82087 -3.99267
196500 0.722212 1.64699 -0.701444 1.22109 -2.93808 0.0125085 2.79459
197000 1.00283 0.0749808 1.72845 1.20505 0.910092 -2.48562 -2.20141
197500 1.06614 0.89018 1.24343 1.06482 -0.955116 -3.33037 1.49896
198000 1.12643 0.746189 0.211915 2.42119 0.131666 -7.10331 3.40957
198500 0.71659 0.974917 2.01998 -0.845125 -0.0377544 -1.83019 8.92582
199000 1.49955 2.32843 0.0345735 2.13563 -7.38996 13.7942 12.3667
199500 0.980936 1.09741 1.2467 0.598696 2.46245 1.09933 10.9765
200000 0.612961 0.346038 0.0145415 1.4783 0.00587575 -0.281754 6.25679
