# Time-averaged data for fix vv
# TimeStep v_l1 v_l2 v_l3 v_vs
500 306.06 151.335 217.438 1.00714e+07
1000 305.593 148.92 217.837 9.91351e+06
1500 305.046 148.168 218.353 9.86912e+06
2000 304.646 147.883 218.127 9.82704e+06
2500 304.667 147.928 217.538 9.80417e+06
3000 304.502 147.815 217.518 9.79047e+06
3500 304.616 147.663 217.737 9.79395e+06
4000 304.643 147.677 217.903 9.80319e+06
4500 304.521 147.655 218.131 9.80808e+06
5000 304.649 147.657 218.053 9.80879e+06
5500 304.607 147.646 217.851 9.79761e+06
6000 304.735 147.687 217.536 9.79031e+06
6500 304.74 147.789 217.443 9.79306e+06
7000 304.728 147.728 217.431 9.78803e+06
7500 304.706 147.84 217.4 9.79334e+06
8000 304.704 147.716 217.494 9.78931e+06
8500 304.792 147.651 217.575 9.79153e+06
9000 304.738 147.63 217.663 9.79233e+06
9500 304.825 147.726 217.619 9.79954e+06
10000 304.81 147.705 217.577 9.79576e+06
10500 304.713 147.699 217.543 9.79072e+06
11000 304.572 147.71 217.588 9.78895e+06
11500 304.739 147.657 217.504 9.78698e+06
12000 304.789 147.683 217.415 9.78636e+06
12500 304.771 147.766 217.308 9.7864e+06
13000 304.827 147.817 217.294 9.791e+06
13500 304.83 147.724 217.408 9.79005e+06
14000 304.698 147.735 217.523 9.7917e+06
14500 304.755 147.73 217.567 9.79517e+06
15000 304.708 147.646 217.573 9.7884e+06
15500 304.73 147.701 217.356 9.78298e+06
16000 304.879 147.806 217.121 9.7841e+06
16500 304.817 147.762 217.284 9.78656e+06
17000 304.849 147.624 217.467 9.78667e+06
17500 304.672 147.742 217.461 9.78856e+06
18000 304.674 147.76 217.377 9.78602e+06
18500 304.653 147.829 217.358 9.78903e+06
19000 304.758 147.735 217.466 9.79106e+06
19500 304.63 147.763 217.491 9.78996e+06
20000 304.643 147.806 217.415 9.7898e+06
20500 304.749 147.754 217.344 9.78654e+06
21000 304.778 147.782 217.311 9.78788e+06
21500 304.591 147.795 217.403 9.78687e+06
22000 304.834 147.713 217.317 9.78533e+06
22500 304.784 147.723 217.384 9.78742e+06
23000 304.805 147.71 217.308 9.78381e+06
23500 304.923 147.799 217.271 9.79181e+06
24000 304.759 147.819 217.385 9.79298e+06
24500 304.721 147.787 217.341 9.78766e+06
25000 304.779 147.819 217.331 9.79125e+06
25500 304.693 147.776 217.402 9.78882e+06
26000 304.544 147.817 217.435 9.78826e+06
26500 304.778 147.752 217.322 9.78633e+06
27000 304.703 147.823 217.351 9.78995e+06
27500 304.689 147.778 217.387 9.78812e+06
28000 304.816 147.683 217.369 9.78506e+06
28500 304.692 147.726 217.436 9.787e+06
29000 304.697 147.811 217.37 9.78981e+06
29500 304.726 147.807 217.32 9.78822e+06
30000 304.617 147.77 217.444 9.78786e+06
30500 304.437 147.776 217.499 9.78496e+06
31000 304.447 147.798 217.504 9.78691e+06
31500 304.417 147.793 217.54 9.78727e+06
32000 304.445 147.882 217.466 9.79072e+06
32500 304.511 147.877 217.492 9.79373e+06
33000 304.437 147.909 217.499 9.7938e+06
33500 304.495 147.894 217.447 9.79229e+06
34000 304.442 147.757 217.544 9.78583e+06
34500 304.379 147.695 217.616 9.78295e+06
35000 304.224 147.847 217.624 9.78843e+06
35500 304.133 147.825 217.599 9.78297e+06
36000 304.167 147.784 217.596 9.78116e+06
36500 304.148 147.814 217.658 9.78534e+06
37000 304.301 147.737 217.63 9.78387e+06
37500 304.337 147.8 217.514 9.78398e+06
38000 304.178 147.852 217.544 9.7837e+06
38500 304.134 147.899 217.574 9.78673e+06
39000 304.229 147.79 217.539 9.78095e+06
39500 304.169 147.86 217.516 9.78267e+06
40000 304.116 147.887 217.509 9.78245e+06
40500 304.174 147.895 217.571 9.78759e+06
41000 304.285 147.848 217.508 9.78523e+06
41500 304.188 147.94 217.385 9.7827e+06
42000 304.216 147.903 217.534 9.78782e+06
42500 304.281 147.825 217.59 9.7873e+06
43000 304.29 147.89 217.511 9.78835e+06
43500 304.223 147.888 217.51 9.78601e+06
44000 304.192 147.905 217.396 9.78098e+06
44500 304.088 147.948 217.379 9.77973e+06
45000 304.228 147.802 217.505 9.78022e+06
45500 304.244 147.799 217.408 9.77621e+06
46000 304.251 147.901 217.42 9.78366e+06
46500 304.177 147.861 217.586 9.78618e+06
47000 304.203 147.887 217.519 9.7857e+06
47500 304.321 147.951 217.313 9.78446e+06
48000 304.311 147.98 217.334 9.78694e+06
48500 304.175 147.867 217.503 9.78271e+06
49000 304.279 147.835 217.424 9.78036e+06
49500 304.257 147.805 217.457 9.77921e+06
50000 304.081 147.855 217.58 9.78244e+06
50500 304.198 147.848 217.504 9.78227e+06
51000 304.335 147.864 217.444 9.78501e+06
51500 304.249 147.91 217.463 9.78612e+06
52000 304.262 147.874 217.545 9.78788e+06
52500 304.154 147.806 217.73 9.78825e+06
53000 304.244 147.787 217.693 9.78816e+06
53500 304.236 147.953 217.419 9.7866e+06
54000 304.126 147.922 217.362 9.77846e+06
54500 304.078 147.829 217.484 9.77622e+06
55000 304.272 147.864 217.442 9.78286e+06
55500 304.248 147.895 217.431 9.78369e+06
56000 304.182 147.958 217.496 9.78862e+06
56500 304.158 147.901 217.539 9.78604e+06
57000 304.21 147.772 217.585 9.78122e+06
57500 304.19 147.893 217.51 9.78526e+06
58000 304.263 147.856 217.433 9.78168e+06
58500 304.197 147.801 217.451 9.77673e+06
59000 304.208 147.797 217.335 9.7716e+06
59500 304.254 147.867 217.286 9.77552e+06
60000 304.278 147.847 217.358 9.77817e+06
60500 304.374 147.797 217.462 9.78266e+06
61000 304.233 147.844 217.551 9.78525e+06
61500 304.375 147.788 217.402 9.7794e+06
62000 304.276 147.896 217.312 9.77934e+06
62500 304.226 147.821 217.336 9.7738e+06
63000 304.249 147.834 217.374 9.77715e+06
63500 304.081 147.891 217.413 9.77725e+06
64000 304.243 147.795 217.452 9.77791e+06
64500 304.258 147.795 217.511 9.78099e+06
65000 304.212 147.849 217.433 9.77953e+06
65500 304.312 147.828 217.463 9.78274e+06
66000 304.136 147.758 217.578 9.77766e+06
66500 304.217 147.743 217.485 9.77504e+06
67000 304.213 147.772 217.53 9.77888e+06
67500 304.129 147.799 217.537 9.77826e+06
68000 304.119 147.791 217.419 9.77215e+06
68500 304.129 147.816 217.31 9.76916e+06
69000 304.157 147.858 217.384 9.77618e+06
69500 304.384 147.758 217.343 9.77502e+06
70000 304.331 147.73 217.37 9.77268e+06
70500 304.252 147.794 217.453 9.77813e+06
71000 304.261 147.729 217.543 9.77814e+06
71500 304.314 147.746 217.428 9.77581e+06
72000 304.392 147.808 217.241 9.77404e+06
72500 304.36 147.796 217.335 9.7764e+06
73000 304.337 147.795 217.327 9.77521e+06
73500 304.395 147.743 217.369 9.77553e+06
74000 304.279 147.754 217.44 9.77575e+06
74500 304.229 147.83 217.444 9.77936e+06
75000 304.364 147.771 217.458 9.78042e+06
75500 304.371 147.774 217.381 9.77735e+06
76000 304.409 147.852 217.208 9.776e+06
76500 304.327 147.827 217.298 9.77578e+06
77000 304.228 147.835 217.357 9.77578e+06
77500 304.238 147.85 217.336 9.77612e+06
78000 304.192 147.732 217.495 9.77397e+06
78500 304.131 147.783 217.599 9.78003e+06
79000 304.008 147.834 217.558 9.77763e+06
79500 304.224 147.763 217.365 9.77123e+06
80000 304.305 147.768 217.328 9.77254e+06
80500 304.292 147.79 217.456 9.77931e+06
81000 304.225 147.776 217.473 9.77695e+06
81500 304.134 147.77 217.453 9.77278e+06
82000 304.39 147.783 217.327 9.77619e+06
82500 304.315 147.867 217.28 9.77724e+06
83000 304.442 147.778 217.32 9.77715e+06
83500 304.392 147.869 217.305 9.78097e+06
84000 304.322 147.829 217.249 9.77352e+06
84500 304.298 147.782 217.377 9.77539e+06
85000 304.207 147.704 217.538 9.77456e+06
85500 304.43 147.725 217.395 9.77666e+06
86000 304.359 147.79 217.374 9.77774e+06
86500 304.252 147.768 217.379 9.77307e+06
87000 304.296 147.76 217.38 9.774e+06
87500 304.11 147.777 217.481 9.77373e+06
88000 304.106 147.732 217.42 9.76783e+06
88500 304.115 147.734 217.504 9.77201e+06
89000 304.164 147.636 217.562 9.76973e+06
89500 304.119 147.689 217.498 9.76891e+06
90000 304.299 147.673 217.399 9.7692e+06
90500 304.184 147.721 217.512 9.77377e+06
91000 304.149 147.848 217.438 9.7777e+06
91500 304.024 147.83 217.49 9.77486e+06
92000 304.139 147.848 217.439 9.77738e+06
92500 304.199 147.792 217.39 9.77344e+06
93000 304.289 147.828 217.381 9.77833e+06
93500 304.294 147.744 217.522 9.7793e+06
94000 304.319 147.688 217.497 9.77524e+06
94500 304.224 147.791 217.488 9.77859e+06
95000 304.365 147.816 217.339 9.7781e+06
95500 304.352 147.831 217.23 9.77377e+06
96000 304.245 147.859 217.233 9.77232e+06
96500 304.219 147.825 217.372 9.77544e+06
97000 304.246 147.78 217.419 9.77545e+06
97500 304.279 147.874 217.294 9.77715e+06
98000 304.233 147.888 217.239 9.77406e+06
98500 304.374 147.824 217.335 9.77871e+06
99000 304.318 147.771 217.28 9.77096e+06
99500 304.378 147.775 217.298 9.77394e+06
100000 304.23 147.782 217.4 9.77423e+06
100500 304.287 147.786 217.26 9.77002e+06
101000 304.293 147.785 217.275 9.77084e+06
101500 304.327 147.857 217.203 9.77344e+06
102000 304.497 147.873 217.065 9.77374e+06
102500 304.554 147.856 217.111 9.77652e+06
103000 304.481 147.809 217.221 9.77599e+06
103500 304.38 147.843 217.338 9.78032e+06
104000 304.317 147.796 217.294 9.77321e+06
104500 304.165 147.853 217.3 9.77234e+06
105000 304.217 147.861 217.259 9.77271e+06
105500 304.229 147.814 217.308 9.77216e+06
106000 304.461 147.774 217.263 9.77502e+06
106500 304.241 147.879 217.355 9.77901e+06
107000 304.141 147.801 217.478 9.77615e+06
107500 304.197 147.864 217.35 9.77639e+06
108000 304.264 147.87 217.311 9.77718e+06
108500 304.419 147.783 217.377 9.77936e+06
109000 304.326 147.87 217.229 9.77542e+06
109500 304.245 147.822 217.286 9.77222e+06
110000 304.196 147.752 217.4 9.77116e+06
110500 304.214 147.68 217.439 9.76875e+06
111000 304.193 147.798 217.37 9.77273e+06
111500 304.272 147.762 217.294 9.76953e+06
112000 304.254 147.85 217.309 9.77541e+06
112500 304.36 147.829 217.35 9.77928e+06
113000 304.348 147.796 217.252 9.77229e+06
113500 304.397 147.767 217.226 9.77082e+06
114000 304.195 147.815 217.377 9.7743e+06
114500 304.378 147.829 217.341 9.77943e+06
115000 304.387 147.821 217.199 9.77284e+06
115500 304.293 147.922 217.171 9.77524e+06
116000 304.325 147.813 217.279 9.77392e+06
116500 304.121 147.781 217.348 9.76832e+06
117000 304.189 147.815 217.264 9.76898e+06
117500 304.215 147.884 217.182 9.77072e+06
118000 304.307 147.815 217.284 9.77369e+06
118500 304.284 147.806 217.26 9.77126e+06
119000 304.416 147.819 217.203 9.77379e+06
119500 304.289 147.847 217.363 9.77876e+06
120000 304.212 147.814 217.331 9.77265e+06
120500 304.269 147.903 217.235 9.77611e+06
121000 304.18 147.867 217.253 9.77163e+06
121500 304.224 147.884 217.28 9.77537e+06
122000 304.402 147.827 217.245 9.77576e+06
122500 304.317 147.884 217.223 9.77577e+06
123000 304.221 147.902 217.315 9.77804e+06
123500 304.282 147.9 217.363 9.78211e+06
124000 304.364 147.896 217.347 9.78371e+06
124500 304.469 147.855 217.212 9.77832e+06
125000 304.478 147.871 217.111 9.77505e+06
125500 304.508 147.853 217.138 9.77606e+06
126000 304.332 147.836 217.293 9.77631e+06
126500 304.366 147.89 217.318 9.78208e+06
127000 304.378 147.801 217.28 9.77484e+06
127500 304.395 147.836 217.269 9.77727e+06
128000 304.443 147.772 217.34 9.77772e+06
128500 304.312 147.806 217.363 9.77682e+06
129000 304.426 147.771 217.312 9.77581e+06
129500 304.493 147.844 217.106 9.77354e+06
130000 304.463 147.928 217.142 9.7798e+06
130500 304.358 147.835 217.336 9.77895e+06
131000 304.387 147.754 217.369 9.77607e+06
131500 304.396 147.739 217.284 9.77152e+06
132000 304.434 147.78 217.256 9.77417e+06
132500 304.371 147.859 217.162 9.7731e+06
133000 304.298 147.782 217.246 9.7695e+06
133500 304.236 147.834 217.361 9.77611e+06
134000 304.166 147.716 217.417 9.76854e+06
134500 304.252 147.622 217.395 9.76411e+06
135000 304.399 147.756 217.231 9.77038e+06
135500 304.282 147.762 217.215 9.76628e+06
136000 304.322 147.7 217.344 9.76919e+06
136500 304.352 147.771 217.179 9.76748e+06
137000 304.312 147.799 217.213 9.76956e+06
137500 304.433 147.663 217.35 9.77069e+06
138000 304.189 147.678 217.477 9.76948e+06
138500 304.111 147.751 217.432 9.76983e+06
139000 304.307 147.716 217.355 9.77032e+06
139500 304.381 147.759 217.285 9.77241e+06
140000 304.219 147.753 217.23 9.76436e+06
140500 304.47 147.772 217.253 9.7747e+06
141000 304.336 147.786 217.351 9.77569e+06
141500 304.437 147.751 217.292 9.77401e+06
142000 304.314 147.856 217.351 9.77967e+06
142500 304.257 147.796 217.418 9.77688e+06
143000 304.324 147.786 217.375 9.77644e+06
143500 304.202 147.768 217.386 9.77183e+06
144000 304.102 147.789 217.463 9.77342e+06
144500 304.154 147.806 217.441 9.77527e+06
145000 304.148 147.779 217.409 9.77184e+06
145500 304.21 147.892 217.32 9.7773e+06
146000 304.28 147.907 217.315 9.78031e+06
146500 304.302 147.842 217.377 9.77954e+06
147000 304.235 147.816 217.332 9.77359e+06
147500 304.238 147.842 217.28 9.77305e+06
148000 304.283 147.737 217.385 9.7723e+06
148500 304.281 147.735 217.472 9.77601e+06
149000 304.31 147.737 217.376 9.77277e+06
149500 304.369 147.716 217.308 9.77018e+06
150000 304.248 147.871 217.283 9.77546e+06
150500 304.32 147.808 217.274 9.77314e+06
151000 304.241 147.761 217.266 9.76718e+06
151500 304.252 147.807 217.215 9.76827e+06
152000 304.349 147.715 217.288 9.76854e+06
152500 304.274 147.776 217.252 9.7686e+06
153000 304.188 147.934 217.109 9.76985e+06
153500 304.317 147.872 217.203 9.77411e+06
154000 304.324 147.784 217.331 9.77424e+06
154500 304.437 147.779 217.251 9.774e+06
155000 304.563 147.789 217.173 9.7752e+06
155500 304.471 147.786 217.175 9.7721e+06
156000 304.45 147.782 217.199 9.77223e+06
156500 304.302 147.803 217.25 9.7712e+06
157000 304.285 147.834 217.27 9.77358e+06
157500 304.253 147.81 217.261 9.77059e+06
158000 304.289 147.904 217.145 9.77274e+06
158500 304.397 147.821 217.197 9.77308e+06
159000 304.497 147.738 217.258 9.77355e+06
159500 304.442 147.724 217.345 9.77479e+06
160000 304.43 147.746 217.327 9.77501e+06
160500 304.365 147.785 217.22 9.77069e+06
161000 304.351 147.808 217.084 9.76566e+06
161500 304.451 147.749 217.106 9.76595e+06
162000 304.179 147.815 217.228 9.76706e+06
162500 304.087 147.792 217.324 9.76689e+06
163000 304.282 147.695 217.259 9.76386e+06
163500 304.279 147.716 217.299 9.76695e+06
164000 304.375 147.676 217.367 9.77041e+06
164500 304.268 147.663 217.488 9.77155e+06
165000 304.276 147.651 217.49 9.77105e+06
165500 304.242 147.815 217.279 9.77136e+06
166000 304.282 147.774 217.273 9.76964e+06
166500 304.165 147.849 217.36 9.77476e+06
167000 304.329 147.737 217.262 9.76829e+06
167500 304.336 147.764 217.209 9.76789e+06
168000 304.294 147.835 217.209 9.77121e+06
168500 304.363 147.753 217.315 9.7728e+06
169000 304.551 147.732 217.281 9.77591e+06
169500 304.36 147.78 217.324 9.77487e+06
170000 304.419 147.833 217.239 9.77644e+06
170500 304.307 147.88 217.185 9.77358e+06
171000 304.408 147.843 217.146 9.77254e+06
171500 304.137 147.774 217.336 9.76787e+06
172000 304.236 147.681 217.441 9.76957e+06
172500 304.173 147.736 217.384 9.7686e+06
173000 304.182 147.838 217.249 9.76957e+06
173500 304.371 147.772 217.215 9.7698e+06
174000 304.262 147.711 217.369 9.76915e+06
174500 304.311 147.766 217.354 9.77372e+06
175000 304.395 147.81 217.27 9.77557e+06
175500 304.393 147.73 217.247 9.76916e+06
176000 304.211 147.707 217.381 9.7678e+06
176500 304.354 147.724 217.376 9.77332e+06
177000 304.371 147.736 217.238 9.76842e+06
177500 304.457 147.796 217.145 9.77102e+06
178000 304.463 147.742 217.34 9.77636e+06
178500 304.405 147.704 217.459 9.77739e+06
179000 304.37 147.735 217.37 9.77431e+06
179500 304.455 147.726 217.299 9.7732e+06
180000 304.426 147.816 217.212 9.77433e+06
180500 304.356 147.804 217.262 9.77354e+06
181000 304.241 147.685 217.382 9.76736e+06
181500 304.248 147.812 217.329 9.7736e+06
182000 304.231 147.805 217.346 9.77337e+06
182500 304.194 147.787 217.423 9.77448e+06
183000 304.331 147.792 217.318 9.77442e+06
183500 304.349 147.895 217.035 9.76917e+06
184000 304.165 147.92 217.137 9.76944e+06
184500 304.188 147.862 217.284 9.77299e+06
185000 304.198 147.857 217.235 9.77072e+06
185500 304.291 147.909 217.195 9.77536e+06
186000 304.468 147.777 217.267 9.77558e+06
186500 304.639 147.819 217.124 9.77742e+06
187000 304.443 147.793 217.207 9.77315e+06
187500 304.359 147.822 217.193 9.77171e+06
188000 304.297 147.867 217.215 9.77372e+06
188500 304.334 147.88 217.167 9.77356e+06
189000 304.356 147.846 217.162 9.77182e+06
189500 304.403 147.81 217.25 9.77491e+06
190000 304.344 147.699 217.407 9.77274e+06
190500 304.159 147.681 217.438 9.76702e+06
191000 304.334 147.641 217.327 9.76498e+06
191500 304.281 147.695 217.311 9.7661e+06
192000 304.189 147.758 217.264 9.76519e+06
192500 304.283 147.72 217.354 9.76977e+06
193000 304.355 147.665 217.409 9.77093e+06
193500 304.274 147.669 217.374 9.76698e+06
194000 304.163 147.736 217.517 9.7743e+06
194500 304.309 147.6 217.503 9.76938e+06
195000 304.306 147.652 217.45 9.77036e+06
195500 304.297 147.713 217.245 9.76485e+06
196000 304.166 147.789 217.209 9.76412e+06
196500 304.324 147.849 217.221 9.77367e+06
197000 304.333 147.734 217.347 9.77198e+06
197500 304.122 147.689 217.499 9.76908e+06
198000 304.219 147.77 217.416 9.7738e+06
198500 304.199 147.793 217.314 9.77006e+06
199000 304.265 147.8 217.13 9.76442e+06
199500 304.171 147.773 217.22 9.76366e+06
200000 304.182 147.675 217.404 9.76581e+06
