# Time-averaged data for fix 3
# TimeStep c_st[0] c_st[1] c_st[2] c_st[3] c_st[4] c_st[5] c_st[6]
500 -51.1283 -6.57059 -151.136 4.32208 9.99636 -131.778 -1.61294
1000 -0.876383 0.327389 -7.16987 4.21334 7.96227 -101.953 -1.31797
1500 -0.416915 1.88534 -2.52566 -0.610431 -0.0438643 -109.01 4.11172
2000 -0.354385 -3.95304 3.39957 -0.509681 11.5304 -31.45 8.01224
2500 -1.17845 2.19081 -3.75605 -1.97011 24.7549 42.2937 19.6992
3000 -0.115575 -2.31732 0.693625 1.27697 23.8855 29.7108 39.3205
3500 1.08603 4.36875 -0.980009 -0.130649 23.2062 -13.5649 41.3526
4000 2.87041 3.80368 3.31242 1.49512 18.579 -40.6508 35.7287
4500 0.707228 0.622211 -0.511004 2.01048 9.27726 -71.6911 28.5869
5000 -0.253365 -1.99397 1.83237 -0.598497 12.4403 -87.1579 22.8297
5500 2.36197 3.6149 1.64256 1.82845 8.19546 -63.9411 10.8483
6000 -1.63021 -1.10554 -2.62201 -1.16306 14.6087 -3.14367 11.4557
6500 1.86101 2.51903 0.900223 2.16379 11.3833 -26.86 4.74485
7000 1.98711 1.86321 3.96651 0.131618 1.63894 -42.9381 22.8658
7500 0.50598 1.2376 -1.10245 1.38279 8.96959 -27.7266 21.0038
8000 0.75299 0.746715 1.66146 -0.149205 -5.44154 -29.5371 13.319
8500 1.38661 2.13263 0.990985 1.0362 -2.04248 4.97599 -1.00694
9000 0.918779 0.330367 0.224978 2.20099 -3.3251 -5.91537 4.82574
9500 0.773747 0.700144 2.91348 -1.29239 -2.64932 -4.41831 16.8696
10000 2.54263 2.81962 1.35592 3.45235 -4.61558 -41.3866 26.6181
10500 -0.873071 -1.34505 1.603 -2.87716 -5.06892 -36.5484 37.8539
11000 0.194076 0.446305 -1.07456 1.21049 -1.75724 -26.4425 15.8132
11500 2.48039 2.39034 -0.18433 5.23517 14.9714 -4.13007 10.3762
12000 1.52526 -1.57943 5.08617 1.06903 4.75838 4.88566 4.35545
12500 0.27424 2.43601 -0.263543 -1.34975 5.12146 -13.9256 -20.3796
13000 -0.29537 0.459519 -1.27559 -0.0700373 -1.80897 -19.3864 -18.9808
13500 1.41846 -1.32376 1.59326 3.98588 8.36877 -14.6041 -15.7303
14000 1.4342 3.82361 0.405003 0.0739943 18.0487 -19.6689 7.71069
14500 1.43555 1.23167 0.546361 2.52861 12.9161 -36.8022 12.7288
15000 0.800381 -0.58159 2.84255 0.140183 -7.53339 6.47301 8.70649
15500 0.227754 -1.11403 -0.182148 1.97944 2.93937 7.04246 11.0684
16000 1.07203 3.80197 0.658072 -1.24396 5.71245 -29.127 17.9083
16500 0.719209 0.0224474 1.60091 0.534272 -12.1997 -6.07389 7.54367
17000 2.53456 4.06317 1.99777 1.54273 -5.21359 -20.4033 -0.728828
17500 1.48848 0.058406 -0.0915138 4.49854 -3.47857 11.3713 -7.68467
18000 1.71783 0.706128 4.05858 0.388797 -6.37148 -35.5485 -13.129
18500 -0.312263 0.090754 -0.579931 -0.447611 2.28793 -48.0828 6.42772
19000 2.37113 1.35221 4.33142 1.42976 1.07623 -15.2615 17.0279
19500 -0.656592 1.21093 -3.59884 0.418138 5.99078 -2.13873 23.7768
20000 1.84818 1.70877 3.41787 0.417912 -4.27288 -21.1592 2.49048
20500 -0.641436 0.230881 -0.676386 -1.4788 7.66242 -29.3004 14.944
21000 2.47187 2.79687 1.79584 2.82291 2.1376 -17.6188 16.693
21500 0.405484 -0.422768 0.729388 0.909832 -3.93492 0.45612 3.37398
22000 2.33509 1.41667 3.98872 1.59989 0.879267 -5.63943 11.3117
22500 0.408045 2.95955 -2.43012 0.694709 0.885804 -10.6097 1.27276
23000 -0.482057 -1.32017 -2.23045 2.10445 -1.71976 -13.4005 3.63652
23500 2.17428 0.533479 4.59983 1.38952 11.6559 -3.78742 29.0627
24000 -0.167755 0.898082 0.865475 -2.26682 -9.70343 -4.51419 24.819
24500 1.43064 1.07753 -0.115223 3.32961 5.63146 3.69594 32.5269
25000 1.77058 0.160756 4.46686 0.684116 -13.0239 -26.6976 7.04749
25500 0.710623 -0.50454 -0.558436 3.19485 5.01811 -5.88865 0.315633
26000 1.52315 4.15519 0.946548 -0.532283 -6.26338 22.0711 -0.390597
26500 -0.33821 0.0201254 0.134425 -1.16918 -5.13909 15.73 -7.41423
27000 2.58886 3.19699 2.38505 2.18453 6.16 -13.6523 32.8668
27500 1.71513 0.473698 2.64363 2.02806 -0.786599 -28.6984 35.1469
28000 0.0387509 0.0144575 -1.20673 1.30853 -1.11164 -13.8586 29.9537
28500 0.357399 -0.418368 0.390985 1.09958 -0.488598 -28.3908 16.4236
29000 0.374816 3.03289 0.794899 -2.70335 11.6867 15.0852 6.4837
29500 3.37259 2.06376 5.71671 2.33728 3.22645 3.67934 0.332717
30000 -0.746576 -1.99357 -3.19843 2.95228 14.4871 -20.3004 -8.42569
30500 0.740822 0.607847 1.15613 0.45849 10.6281 -48.4177 -6.58018
31000 1.45367 1.4217 0.112497 2.8268 4.08739 -1.6231 -4.63618
31500 0.223172 3.56167 -0.0968546 -2.7953 11.282 17.8933 7.52646
32000 1.76669 -1.2023 1.99426 4.50811 14.5064 35.7871 14.3626
32500 0.410082 0.368095 0.238935 0.623215 12.3846 8.30154 32.4583
33000 1.79433 2.72339 2.47981 0.179773 0.854547 1.35861 35.9136
33500 0.0802578 -0.691381 -0.747628 1.67978 -3.42428 -1.96611 31.1611
34000 1.1286 1.71043 0.841732 0.833651 -2.6801 4.26363 34.3664
34500 2.12962 0.773686 3.32984 2.28533 1.32026 -14.0025 20.2788
35000 -0.841194 -1.06804 0.0372942 -1.49284 -4.30861 -21.1869 16.4892
35500 0.769923 2.58972 -1.25362 0.97367 15.6609 -18.6795 16.1389
36000 1.18254 -0.824426 3.3941 0.977932 1.09608 1.13385 14.0912
36500 2.30697 4.43776 1.14189 1.34124 -3.27358 12.8904 26.7234
37000 1.27221 -0.746081 0.84827 3.71443 3.14102 -23.0398 14.5646
37500 -1.17652 0.246322 -1.56591 -2.20996 5.87494 -5.53249 39.2162
38000 1.6583 0.693111 1.23769 3.0441 -8.22872 3.01259 25.4899
38500 0.831682 -0.680659 3.24737 -0.0716601 -10.568 -1.23197 25.5236
39000 2.63661 5.07217 2.49401 0.343651 0.0157039 4.14075 28.9291
39500 -0.182593 -0.833086 -3.66616 3.95146 -3.40547 -13.5155 33.7349
40000 1.08014 1.95272 4.06329 -2.77559 -3.1649 -2.01133 25.9659
40500 2.66706 0.84556 4.79317 2.36244 -8.93982 -0.39718 19.0223
41000 -0.0673629 2.5214 -3.83535 1.11186 -6.89109 8.158 11.2299
41500 0.741762 -1.20076 2.31272 1.11333 -11.1657 -6.27561 10.0932
42000 1.19782 2.17217 0.963999 0.457285 -13.1277 9.02315 13.902
42500 0.940162 -2.22636 0.820116 4.22673 4.42114 38.1598 33.4529
43000 1.20148 4.58304 1.13882 -2.11741 -4.31922 20.9553 47.3998
43500 0.374021 -0.809921 -0.529973 2.46196 -6.17426 25.2745 41.6454
44000 0.655992 2.32696 -0.149966 -0.209016 -3.74631 -17.0695 51.9419
44500 1.71877 0.071839 5.64515 -0.560677 -5.09658 -45.7646 52.2901
45000 0.0593226 0.975229 -3.46208 2.66481 -7.44285 -40.2916 36.5387
45500 1.9038 1.61289 2.55526 1.54325 -6.48297 -20.4419 17.5193
46000 0.814043 -0.814507 4.08724 -0.830606 3.61375 -1.33345 7.98898
46500 -0.0206771 0.509671 -2.79393 2.22223 1.75665 42.2859 15.1115
47000 1.58309 0.0818088 3.70607 0.961392 0.550209 15.6644 7.80914
47500 0.785507 1.52325 -0.672579 1.50585 -0.485058 0.691729 8.18916
48000 2.3358 2.23672 4.06393 0.706746 -7.87434 -9.83396 15.6069
48500 0.696359 0.940057 -2.05252 3.20155 3.46385 4.61075 35.1687
49000 1.16569 4.11788 2.22457 -2.84538 -4.76955 28.0599 47.6955
49500 0.308705 -0.145051 -1.42797 2.49913 -17.2592 8.59551 48.6872
50000 1.09886 -0.634115 1.8812 2.04951 -1.11368 -28.3667 35.2912
50500 2.34656 3.60665 2.57975 0.853286 -3.05715 -13.6691 14.2986
51000 -0.279559 -1.63144 -0.191172 0.983938 -8.17935 1.58324 -4.10603
51500 0.717402 1.54218 2.63212 -2.02209 -2.62104 0.847345 -1.33393
52000 1.303 0.9879 -1.81038 4.73146 6.04319 12.0213 6.30786
52500 0.958319 0.838906 1.00766 1.02839 4.89838 -22.9739 3.58933
53000 1.5059 1.73782 3.03992 -0.260032 7.85449 -21.5068 23.7816
53500 -0.62443 -0.963312 -1.54724 0.63726 -1.92154 -17.0931 13.5882
54000 3.44221 3.04501 3.70008 3.58155 -0.420269 -20.437 14.5409
54500 -0.0811096 2.27671 -2.22534 -0.294707 5.92378 -35.7969 29.1194
55000 0.326361 -0.258719 -0.341359 1.57916 2.62641 9.88361 35.6406
55500 2.43072 3.32045 2.72929 1.24241 -14.017 -8.8202 16.5304
56000 -0.88393 -3.17656 0.982036 -0.45727 3.48894 -0.137583 10.8819
56500 1.76132 2.16734 2.52758 0.589033 -0.498762 -16.1346 18.5481
57000 0.139712 0.0648619 1.88042 -1.52614 5.84042 -14.6898 20.772
57500 1.93694 2.6397 -0.43753 3.60864 -2.0303 7.33124 21.8173
58000 0.647177 1.75816 -0.652728 0.836097 -10.2115 22.9703 12.132
58500 1.68879 -0.242644 2.65797 2.65105 -6.24855 -31.6174 2.69442
59000 0.53837 1.12672 0.575555 -0.0871692 2.7046 -16.9693 11.5044
59500 0.629634 0.970094 0.289767 0.629041 -2.02483 -3.57668 13.5854
60000 2.14934 1.22915 2.43771 2.78116 -4.22692 -24.4832 13.923
60500 -0.589719 1.59941 -0.981601 -2.38696 -0.947622 7.13329 26.3858
61000 2.75884 2.23344 2.7969 3.24617 -12.1814 15.6198 22.4798
61500 -1.63637 -2.54249 -0.458748 -1.90788 -5.66028 14.3924 29.5991
62000 3.16242 2.98498 2.41568 4.0866 -9.0118 -42.4489 32.1616
62500 1.92912 1.83855 2.54214 1.40667 -7.3123 -6.50269 9.51262
63000 -0.0625255 -0.708953 -0.426737 0.948113 -1.62766 9.74788 4.35517
63500 1.71019 1.67032 1.0868 2.37345 -0.311629 -1.67187 -5.25605
64000 0.87181 0.371105 3.03493 -0.790609 -2.6031 2.08854 13.2661
64500 1.8729 3.32869 0.454233 1.83579 -2.5902 19.1745 20.5825
65000 -0.673918 -1.28977 0.575049 -1.30703 -0.381306 -2.48944 39.905
65500 1.7191 2.62415 1.45724 1.07591 -1.85491 15.8152 51.7075
66000 1.68738 0.897227 2.67819 1.48672 -8.93149 -14.3929 58.6595
66500 -0.981594 0.520914 -2.25477 -1.21093 9.55545 -22.5971 48.9799
67000 1.19561 -0.754953 1.41714 2.92466 0.990341 -8.01714 41.1683
67500 1.6359 1.57989 1.90606 1.42176 3.98959 1.10548 30.7527
68000 1.57604 2.78186 1.5385 0.407768 -9.37334 17.964 38.7625
68500 -0.612679 -3.67704 2.2436 -0.404595 2.84583 -12.3758 42.6013
69000 2.70871 5.77332 -3.97478 6.3276 -5.82473 -9.51189 46.5729
69500 -0.242374 -1.99632 1.14143 0.127767 -8.63026 -28.2056 35.3059
70000 -0.218256 1.01852 3.07906 -4.75235 -9.04504 -34.7173 22.4312
70500 3.52055 2.14137 3.03374 5.38654 -11.5755 3.79343 31.6021
71000 0.0167291 0.128614 -1.17591 1.09748 -17.7177 -10.8637 27.5617
71500 0.972359 3.12432 -0.0808832 -0.126363 -5.25354 -28.5053 23.0196
72000 1.78917 0.709811 3.09282 1.56487 -1.60635 7.27446 15.947
72500 0.866701 -0.589723 2.65491 0.534914 -11.1719 14.457 17.532
73000 0.290789 2.30383 -4.39349 2.96203 6.89627 -0.580492 3.41333
73500 1.77311 1.83444 5.1164 -1.63151 -4.95211 24.5706 18.5287
74000 0.14224 -1.67597 -1.20618 3.30887 -2.37795 11.9544 37.9141
74500 0.713032 1.58388 2.83534 -2.28012 -1.65177 -10.4155 41.1441
75000 2.1833 4.15948 1.39302 0.997401 -8.1992 -14.563 48.5658
75500 -0.28107 -2.55631 -1.13431 2.84741 3.02503 -7.15733 40.2024
76000 0.959573 3.18709 -0.80297 0.494595 1.47937 1.93565 55.1423
76500 1.75281 -0.662779 3.60712 2.3141 4.08632 -20.2548 43.3137
77000 -0.0467749 -0.635791 0.520393 -0.0249263 -3.87638 11.9054 36.9206
77500 2.11361 2.97245 3.36854 -0.00016051 3.27755 14.4763 32.4356
78000 -0.236242 0.031082 -1.1769 0.437093 8.29583 31.1545 39.0857
78500 1.95764 3.31504 0.458006 2.09987 -6.70193 -26.3995 47.5106
79000 1.82198 -0.511278 2.9762 3.00101 -3.07581 -1.3381 54.0402
79500 -0.961175 -0.266829 0.456546 -3.07324 -2.16925 36.8086 55.3134
80000 1.73776 3.27503 -2.40683 4.34507 -5.23322 -18.9451 44.2489
80500 1.69499 0.893082 2.92972 1.26217 1.8281 -18.7326 40.9387
81000 0.0581078 0.183707 0.303303 -0.312686 -8.81528 6.77423 28.7324
81500 1.75637 1.82805 1.68244 1.75862 2.60839 -6.6079 11.1259
82000 1.24193 1.15337 0.736492 1.83592 -3.27919 -11.0476 17.4932
82500 0.195377 0.49499 0.749335 -0.658195 -11.5399 -7.72706 8.99316
83000 0.390213 -0.540545 -0.945336 2.65652 7.39323 27.0355 30.3396
83500 2.55446 4.0263 3.93927 -0.302196 -11.0634 5.419 26.9186
84000 -0.9494 -2.17871 -0.763061 0.0935681 3.5528 24.3108 23.9917
84500 0.905388 2.63893 -0.829895 0.907133 0.828094 2.23458 22.6357
85000 2.49287 2.34611 1.64683 3.48568 0.280196 -26.4611 23.4702
85500 -0.213026 -0.968711 0.975565 -0.645932 0.238195 -23.7492 40.8407
86000 3.26631 4.49772 4.46686 0.834361 -8.2231 2.69819 44.7365
86500 -0.154837 -1.11667 -0.870194 1.52235 1.15195 13.1173 38.1013
87000 0.812822 1.32646 -0.0873547 1.19935 -5.6002 -32.9589 22.1527
87500 1.35356 -0.44521 2.86845 1.63744 -6.44696 -10.813 19.0955
88000 0.341474 1.72408 -0.834511 0.13485 -6.21838 6.45253 29.3416
88500 1.57996 1.53125 1.83612 1.37251 -1.17104 16.2027 28.9014
89000 1.50241 1.20927 1.14632 2.15163 -7.7228 -14.4548 45.1708
89500 -0.0825563 0.138838 -0.889963 0.503457 1.59736 -19.9828 64.4345
90000 1.51386 1.85063 2.56824 0.122723 -10.5925 -35.1424 48.408
90500 -0.00610832 -1.48812 1.49934 -0.0295382 7.16642 -2.97331 43.3303
91000 0.63725 -0.1842 0.523929 1.57202 1.53828 -2.21086 34.6439
91500 2.05195 1.97213 2.27009 1.91364 7.93479 29.4644 25.584
92000 0.623608 3.4289 -1.74169 0.183611 -4.03602 7.38077 29.6317
92500 2.45252 1.43632 3.48822 2.433 17.4615 25.1079 52.084
93000 -0.245233 -0.320819 -0.231877 -0.183002 7.60118 -6.69353 47.7224
93500 2.04755 1.14368 1.16914 3.82983 -6.23949 17.0934 52.7652
94000 1.02587 2.61904 -0.15463 0.613185 -23.4717 -2.90139 33.4908
94500 0.00565187 0.0431206 0.0021689 -0.0283339 -17.597 9.18914 24.9284
95000 0.609046 -0.304193 2.78206 -0.650727 -8.36268 -29.2572 39.2253
95500 1.93724 2.68888 0.466826 2.65602 -13.3218 -5.8463 31.7439
96000 -0.79015 0.452643 -0.0101771 -2.81292 -1.41638 -13.166 31.1951
96500 1.75767 1.59125 -0.0805097 3.76227 -2.61835 5.90321 26.0903
97000 2.14758 -0.729037 5.79937 1.37241 -7.90569 9.10656 31.5763
97500 1.11902 4.36641 -0.56389 -0.445476 -5.01514 5.24357 52.0639
98000 0.332049 -0.44779 -1.33186 2.7758 -9.5154 -9.11414 64.0414
98500 2.54555 1.18951 6.02828 0.418859 -9.77596 -46.2742 61.8135
99000 -0.296205 0.389243 -1.417 0.139145 -9.9939 12.9817 53.918
99500 0.466885 1.2182 0.911632 -0.729174 -10.6309 27.7209 43.8338
100000 1.89302 0.201634 1.68533 3.79209 -12.2738 0.887879 38.1319
100500 0.0692925 0.104556 1.96408 -1.86076 -6.44048 -0.728484 29.368
101000 0.452713 0.836883 -0.906435 1.42769 -8.43946 -14.4691 9.33266
101500 2.32622 3.35918 0.792642 2.82683 -9.05463 10.0713 17.9774
102000 0.363854 -2.43517 1.94897 1.57776 -3.65145 3.95385 25.2721
102500 0.730314 2.98455 -0.970202 0.176592 -5.77985 35.9078 49.9098
103000 -0.040972 -1.84511 0.542145 1.18005 -3.37595 52.9006 52.0319
103500 1.66955 4.24616 1.4529 -0.690417 -10.8774 19.6743 45.6914
104000 2.31828 2.11985 3.06652 1.76846 -4.34334 10.9449 30.2534
104500 1.45395 1.52977 -0.074496 2.90657 -14.0384 -2.25536 23.0916
105000 -0.365337 -1.74859 0.659048 -0.00646569 -6.00308 3.08434 17.0205
105500 1.43133 3.0998 -0.670036 1.86424 -10.9507 12.4406 20.8687
106000 1.03147 -0.658777 2.40764 1.34554 -1.74273 19.6593 28.7547
106500 1.67428 2.35049 0.840779 1.83157 -6.58375 24.0985 35.9083
107000 -0.281493 -1.6984 3.15001 -2.29609 -2.35404 19.0796 47.2883
107500 1.35069 3.60999 -1.41308 1.85515 0.453308 19.0725 59.6209
108000 1.01232 -0.0224822 1.57666 1.48277 -5.57103 35.9312 30.6366
108500 0.655102 1.29221 1.16768 -0.494583 -5.81946 3.90723 32.3604
109000 2.52506 2.3094 2.83428 2.43151 -0.145145 7.39575 7.00521
109500 0.871307 -0.272264 -1.41121 4.29739 -9.41342 -30.5239 18.363
110000 -1.17918 0.21944 -0.217387 -3.53959 -0.395772 -18.4341 26.6443
110500 2.05461 -0.93915 4.51055 2.59243 -1.83226 32.9265 32.8933
111000 1.99245 5.45907 -1.2012 1.71947 -13.0037 27.6256 35.8098
111500 0.332654 -1.40674 2.4339 -0.0292036 -18.6106 39.1423 41.7867
112000 1.014 1.43081 1.15163 0.459566 -20.8645 -15.2341 32.9304
112500 1.84369 2.68541 -0.437374 3.28302 -5.17992 -9.18108 37.2579
113000 0.932163 -0.812935 3.6326 -0.0231792 -9.09897 6.52256 26.8213
113500 -0.857403 -0.572397 -1.78244 -0.217377 -7.45199 14.0948 12.2986
114000 2.17615 2.58187 -0.3536 4.30018 -15.3598 14.9409 17.1198
114500 -0.619801 2.08813 1.2562 -5.20374 -1.50246 25.0125 15.5814
115000 2.44924 0.728648 2.16056 4.45849 -10.8071 19.2508 19.9782
115500 1.60609 3.9994 1.89876 -1.07989 -1.27557 20.138 19.2682
116000 0.887108 -0.176369 -0.391001 3.22869 -1.71957 14.4257 15.5322
116500 2.06082 -0.442248 3.78681 2.83791 7.93225 -3.53365 14.3914
117000 -0.966996 0.124246 -0.495799 -2.52943 -9.33769 29.0503 10.2421
117500 2.57395 2.22902 1.3803 4.11253 -2.33944 26.4675 29.4672
118000 -0.141535 0.490786 -1.13485 0.219454 -13.6424 20.1014 18.6884
118500 0.854312 -0.0664691 2.68252 -0.0531158 -6.62034 27.0786 23.5014
119000 0.917276 2.14952 -2.07686 2.67916 0.0134735 13.8518 24.6778
119500 1.92819 1.05726 2.84006 1.88724 0.391392 -11.157 21.176
120000 -0.280525 -1.82289 2.15394 -1.17263 4.18409 9.05097 9.89054
120500 0.823151 1.8999 -0.679315 1.24887 -5.62573 50.9702 14.2454
121000 1.15509 1.63276 1.23863 0.593882 -9.99403 17.2097 12.7762
121500 1.19008 1.65202 1.32273 0.595479 -4.34599 -4.12696 19.8433
122000 0.515739 -0.131693 1.42911 0.249804 -3.49157 -3.99739 26.5785
122500 1.65449 1.65355 -1.11238 4.42231 6.73011 -18.3867 14.752
123000 0.713515 0.955209 2.84943 -1.66409 -5.83737 -11.4072 17.3702
123500 2.11681 0.913327 2.98374 2.45336 4.2328 -19.9977 20.3997
124000 0.867307 3.31297 -1.15942 0.448365 -2.06197 -10.1925 34.7083
124500 0.987416 -0.582754 1.08726 2.45774 -2.60097 39.7742 25.1675
125000 1.56921 0.317108 1.86498 2.52553 -1.01806 1.1787 29.1995
125500 0.485378 1.91631 1.20869 -1.66886 -6.09681 -10.9541 27.9494
126000 1.04487 1.77069 0.573683 0.790219 -11.5079 23.9595 14.0234
126500 0.774647 -1.11673 1.28783 2.15284 -1.818 -2.10204 23.7184
127000 -0.849801 0.570066 -1.89737 -1.2221 -11.0912 18.8298 24.6826
127500 1.16507 0.9002 1.04464 1.55038 1.2461 4.58273 24.6673
128000 2.54125 1.10726 3.84532 2.67117 -0.814712 4.78932 36.4257
128500 -0.602698 0.52914 0.0323757 -2.36961 -12.1518 11.2985 29.523
129000 1.81524 0.581235 1.96342 2.90107 -5.57563 0.825385 18.7899
129500 1.15934 3.71776 -0.76143 0.521696 -0.104818 -12.752 4.16329
130000 3.47012 1.93095 5.96734 2.51208 0.225669 1.69083 6.95684
130500 -0.930565 1.61404 -2.66683 -1.7389 4.52851 8.90552 19.054
131000 1.93275 -0.110057 1.70141 4.20689 7.43152 -19.1493 28.1583
131500 0.0329829 -1.1933 1.37768 -0.0854347 -11.674 3.91341 24.0986
132000 1.17564 0.802134 2.08824 0.63654 -8.6263 3.06314 30.0121
132500 1.31461 3.53398 0.104315 0.305533 9.36841 14.9501 37.6645
133000 0.52463 0.798814 0.689403 0.0856715 0.356148 14.4388 24.9044
133500 1.55197 -1.02557 0.654135 5.02733 -4.2189 8.3292 19.5873
134000 -0.782497 0.516789 1.06396 -3.92824 5.01618 7.50579 26.5382
134500 2.53878 2.03035 1.80774 3.77824 -0.210412 6.80382 22.9922
135000 0.577262 1.30058 0.00842258 0.422788 3.09634 -15.096 25.3439
135500 1.47834 -0.109633 3.67565 0.869016 -2.05284 -12.9581 43.7728
136000 1.40866 3.62837 -1.82043 2.41805 2.31748 25.0244 48.7498
136500 0.720846 1.4335 -0.620713 1.34975 -18.2007 16.7729 45.6227
137000 1.13324 0.394818 1.58878 1.41612 -4.65295 4.52897 40.2408
137500 0.46107 -1.57747 4.67528 -1.7146 8.50316 11.7213 26.3361
138000 0.66985 2.13499 -2.06637 1.94094 -1.70898 31.4176 25.3992
138500 1.30009 0.967383 0.349916 2.58297 1.69966 10.5457 26.7789
139000 1.28905 3.4061 1.26121 -0.800157 -15.9199 9.8084 25.2893
139500 0.480896 -2.19944 1.13156 2.51057 5.96537 10.7377 35.1852
140000 1.07509 2.03249 0.726242 0.466549 1.99157 -5.87214 29.8344
140500 -0.574728 0.464133 -1.65144 -0.536881 1.13149 18.815 14.0128
141000 2.57387 -0.0271829 5.45141 2.2974 8.68188 47.494 16.4728
141500 1.24133 1.62395 0.377243 1.7228 8.2635 22.4875 29.9837
142000 -0.277365 2.18204 0.971377 -3.98551 -2.62323 26.3423 34.8658
142500 1.9123 -0.0647718 0.224022 5.57766 -1.65033 11.3459 27.5536
143000 1.18793 2.43862 1.95538 -0.830201 8.34079 16.9245 28.3809
143500 1.43738 0.2735 0.823427 3.21523 -0.0542607 10.3121 7.57616
144000 0.182761 -0.0573563 0.493105 0.112534 4.19972 13.796 9.47709
144500 1.35269 1.31109 0.259261 2.48771 -0.906484 27.0355 7.40483
145000 -0.342535 0.971003 -0.709718 -1.28889 1.85437 57.4826 6.23473
145500 1.55983 1.64901 2.32681 0.703674 -3.21683 21.973 12.2807
146000 1.90963 0.690327 1.3674 3.67115 4.45354 40.1912 20.5194
146500 1.43728 2.33671 4.95175 -2.97662 19.2773 19.9012 37.5075
147000 -0.332337 -1.04729 -1.03219 1.08247 10.753 11.0609 35.9653
147500 2.55979 2.78919 0.269901 4.62028 5.41531 6.41949 39.8485
148000 1.041 2.87327 2.20641 -1.95667 -8.07147 9.23523 32.1404
148500 0.745166 -2.31975 3.37253 1.18272 -7.77155 38.4991 36.7261
149000 -1.34553 1.42491 -4.42339 -1.0381 -3.52453 48.9662 19.5831
149500 3.31173 1.66318 2.54249 5.72953 -4.64507 29.9899 15.3624
150000 0.28315 2.38719 -1.08865 -0.449092 -2.24282 39.8845 17.8125
150500 1.45664 -1.11025 2.67104 2.80912 5.37242 -0.0981581 40.5841
151000 1.01113 0.216469 1.10223 1.7147 -7.15347 3.55091 39.5185
151500 0.799908 1.96891 0.151353 0.279457 1.09189 7.15834 54.0229
152000 2.47299 1.46395 5.0373 0.917702 -5.19081 -5.84656 56.852
152500 0.643388 0.181066 1.45104 0.298059 -2.9257 24.0842 47.7666
153000 -0.284094 1.19605 -3.55493 1.5066 -5.23595 27.7117 44.736
153500 0.465397 -1.50886 2.90547 -0.000418362 3.16666 4.96533 33.2653
154000 2.9088 4.42174 3.08789 1.21678 3.38202 25.6043 9.11062
154500 0.223817 0.267043 -0.723689 1.1281 1.12666 9.1412 6.61022
155000 1.17945 0.498056 2.01608 1.02421 -1.18324 -15.3393 12.9944
155500 0.171467 0.817204 -0.914312 0.611509 19.5041 -16.4887 22.3861
156000 0.043107 1.28198 0.50394 -1.6566 0.685611 11.0654 33.8215
156500 2.46897 2.0292 2.57167 2.80605 -0.54698 -12.6799 36.5254
157000 -0.925973 -0.886925 -2.04774 0.156741 1.39384 -22.0062 48.8398
157500 3.45698 4.04367 3.50313 2.82415 8.58544 6.55581 31.3653
158000 1.15629 0.037448 3.1761 0.255328 10.8416 52.2083 20.6683
158500 -0.337989 0.403532 -0.658942 -0.758558 7.40539 35.0783 30.1597
159000 2.61988 1.9087 0.753751 5.1972 -4.22694 1.4933 21.385
159500 -0.28403 -1.2216 -1.24481 1.61432 2.57805 -28.7157 35.3889
160000 1.66045 1.37542 4.63707 -1.03115 5.04731 14.8612 30.4312
160500 0.204841 1.76839 1.49869 -2.65256 2.0285 10.7894 26.3612
161000 1.71425 1.05165 -1.05934 5.15045 4.02989 -6.48174 13.1985
161500 0.393465 -0.698285 3.74898 -1.8703 -4.24571 38.3033 36.4092
162000 2.64464 2.78221 1.6023 3.54943 17.4675 35.4631 28.7919
162500 -0.941265 0.586107 -1.61827 -1.79163 6.41613 38.6214 23.3913
163000 2.63791 2.35 4.16323 1.40052 10.1484 30.9757 21.1718
163500 1.98964 0.719421 3.45665 1.79286 2.23073 27.7934 11.2137
164000 -0.297376 1.45066 -5.76277 3.41999 15.1957 6.93922 23.8932
164500 -0.66176 -3.32945 2.22045 -0.876285 7.94847 5.79865 34.3994
165000 1.87985 3.77175 2.6637 -0.795888 15.9865 49.4355 47.3402
165500 3.1412 1.11755 3.57575 4.73029 11.0559 43.0446 43.8944
166000 -1.94444 -0.723715 -1.40997 -3.69965 3.95557 25.2064 35.4753
166500 2.48286 3.25342 0.0894849 4.10568 -1.08377 9.9586 22.757
167000 1.5251 1.82455 2.15514 0.595625 -5.137 4.01752 22.9716
167500 0.141401 1.51751 -1.0893 -0.00400095 8.26256 9.64611 11.7207
168000 0.237319 0.238265 0.46754 0.0061516 6.52568 20.4797 22.0279
168500 3.47078 2.07514 3.8145 4.52271 0.834454 8.7531 16.8862
169000 -0.739972 0.0608906 0.519825 -2.80063 9.83795 12.0224 24.5281
169500 2.2837 3.0561 1.19599 2.59903 4.15926 11.4567 23.2776
170000 0.614273 -0.20775 1.53776 0.512805 5.78667 36.543 24.7079
170500 0.698986 1.06792 0.238499 0.790537 8.57208 -18.9777 26.1828
171000 1.80005 0.473011 1.29473 3.63241 -11.1648 -11.4385 15.5676
171500 -0.694237 0.613385 0.429469 -3.12557 -5.80923 26.5239 33.2156
172000 1.63484 2.22397 -0.923114 3.60368 3.86646 21.2577 23.4047
172500 1.40752 0.345342 1.44201 2.43521 12.3975 13.0389 5.69917
173000 1.99423 3.08357 3.21199 -0.312877 14.6639 -0.659116 16.9208
173500 -0.866081 0.247267 0.11256 -2.95807 2.37905 8.08331 6.95479
174000 1.82978 -1.8849 1.73224 5.642 3.97891 -3.01395 15.6837
174500 1.39641 2.031 1.28522 0.87301 6.07457 0.211166 32.7172
175000 1.10244 -0.638285 1.17877 2.76685 5.64811 22.4339 29.3983
175500 0.977506 4.6723 -0.476334 -1.26344 -0.125776 36.161 11.4093
176000 -0.00900706 0.148727 -1.55498 1.37923 -8.98446 -2.59834 -9.10093
176500 0.0491312 -0.105739 2.05769 -1.80456 3.0772 14.7534 5.77206
177000 3.75672 4.61487 2.41027 4.24502 -4.35032 -12.9009 12.2618
177500 0.227349 -0.0990734 2.1148 -1.33367 0.065104 -7.58155 11.1471
178000 1.09453 -0.61988 1.18354 2.71993 12.696 1.92653 15.2293
178500 -0.797608 -1.72249 -2.5277 1.85736 15.8066 26.1168 20.6764
179000 3.62318 4.8519 5.76297 0.254658 6.57486 11.1288 29.9686
179500 -0.769326 0.635309 -2.84155 -0.101736 10.0411 17.673 28.7917
180000 2.104 1.08181 0.560528 4.66966 -3.09459 -9.22224 11.7729
180500 0.558542 0.247118 2.2254 -0.796893 0.49279 7.13443 22.5187
181000 0.337506 1.18138 1.15494 -1.32381 8.44303 20.8002 14.0135
181500 1.13421 -0.565683 0.578419 3.3899 -7.04411 6.5766 2.64066
182000 2.85277 5.14075 1.22754 2.19003 -0.660257 31.8551 -12.922
182500 -1.39791 -2.91433 0.0083167 -1.28771 19.7511 21.5382 4.39608
183000 1.69359 0.957852 1.45907 2.66386 -0.583843 29.9183 13.2751
183500 0.826938 2.61144 1.00924 -1.13986 0.813991 -29.5887 30.9773
184000 0.610035 1.23173 -1.93904 2.53742 11.9543 -5.63622 33.6144
184500 0.0624198 0.568473 2.41386 -2.79508 3.15849 30.8826 28.8708
185000 1.64379 -1.07568 3.38858 2.61848 11.1354 50.4899 26.005
185500 0.670105 2.44436 -1.83232 1.39828 15.2167 9.66429 25.0619
186000 1.02697 1.27275 1.61587 0.192298 -2.73452 10.5943 15.9732
186500 0.623749 0.413049 1.39845 0.0597471 -8.84079 29.9865 4.37873
187000 2.8754 1.93166 2.29626 4.39828 1.85741 11.7521 -4.29314
187500 0.344861 2.72131 -1.57438 -0.112343 3.87041 32.096 -21.4233
188000 0.848987 0.372276 2.08918 0.0855019 5.90045 -14.7674 5.2423
188500 1.03805 -0.317193 1.32175 2.10959 2.27919 -5.21176 9.78536
189000 1.04506 0.274479 2.95232 -0.0916212 11.9627 30.9165 16.6171
189500 -0.313959 1.44367 -2.99629 0.610742 -1.72911 34.4139 25.6192
190000 3.03196 1.47069 5.41894 2.20624 12.8815 40.9264 21.8392
190500 -1.06181 2.53913 -5.24521 -0.479349 7.25783 29.9781 10.7645
191000 2.71319 1.02407 4.53831 2.5772 10.5423 16.9196 -9.18153
191500 -0.0528547 0.0343836 0.757585 -0.950532 6.44166 21.2207 -26.6849
192000 1.55611 1.40293 1.1758 2.08959 3.13945 28.4118 -15.8815
192500 0.428095 1.41818 -0.90557 0.771672 -2.47497 18.2155 -10.3051
193000 1.64353 0.574791 2.37611 1.9797 1.75144 -15.5948 15.0055
193500 -1.23262 1.62059 -3.92012 -1.39834 15.3446 33.3708 35.1504
194000 2.8219 -1.56344 7.4703 2.55883 -3.8667 22.4481 10.3839
194500 1.8026 4.1327 -0.34824 1.62333 -6.33688 4.09142 11.8699
195000 -0.568314 -0.424647 -3.1735 1.89321 9.7065 22.661 14.4526
195500 2.14498 2.03395 4.71058 -0.309594 -0.489904 19.7166 13.209
196000 0.616631 0.693216 1.70904 -0.552366 -2.66186 -0.4216 12.122
196500 1.39026 -0.344818 2.37736 2.13823 6.09078 -1.06017 3.68542
197000 1.34633 2.90806 -0.394881 1.52581 4.61199 26.846 3.79814
197500 1.77996 -1.21588 3.95232 2.60345 1.58407 2.6281 5.4003
198000 0.068832 3.0997 -2.69152 -0.201682 4.41834 3.17101 11.624
198500 0.00706699 -1.26817 0.859124 0.43025 5.88691 23.4733 3.41639
199000 1.16728 2.82934 0.690571 -0.0180609 4.30127 22.2625 -0.412055
199500 1.88311 0.688281 1.00943 3.9516 3.66029 -2.60551 9.84371
200000 0.145461 0.718209 1.52378 -1.80561 -0.0460916 13.2508 17.6528
