# Time-averaged data for fix vv
# TimeStep v_l1 v_l2 v_l3 v_vs
500 305.717 152.084 217.805 1.01268e+07
1000 304.53 150.183 219.091 1.00202e+07
1500 303.546 149.772 219.991 1.00014e+07
2000 303.31 149.702 219.651 9.97347e+06
2500 303.524 149.806 219.038 9.95964e+06
3000 303.898 149.752 218.725 9.95402e+06
3500 303.633 149.742 218.89 9.95222e+06
4000 303.495 149.808 219.101 9.96162e+06
4500 303.332 149.776 219.284 9.96247e+06
5000 302.963 149.712 219.547 9.95806e+06
5500 302.847 149.664 219.752 9.96036e+06
6000 302.708 149.677 219.946 9.96537e+06
6500 302.491 149.743 219.975 9.96394e+06
7000 302.422 149.757 219.889 9.95873e+06
7500 302.756 149.759 219.705 9.96151e+06
8000 302.77 149.74 219.52 9.95229e+06
8500 303.093 149.735 219.374 9.95599e+06
9000 302.781 149.723 219.539 9.95243e+06
9500 302.679 149.738 219.672 9.95611e+06
10000 302.364 149.789 219.794 9.95468e+06
10500 302.223 149.766 219.922 9.95427e+06
11000 302.046 149.762 220.08 9.95531e+06
11500 301.884 149.7 220.267 9.95435e+06
12000 301.9 149.708 220.249 9.95454e+06
12500 301.871 149.839 220.101 9.95563e+06
13000 301.993 149.836 220.044 9.95684e+06
13500 301.92 149.897 220.03 9.95785e+06
14000 301.934 149.855 219.918 9.95047e+06
14500 302.166 149.845 219.761 9.95034e+06
15000 302.036 149.929 219.769 9.95201e+06
15500 301.904 149.907 219.88 9.95123e+06
16000 301.899 149.77 220.132 9.95334e+06
16500 301.953 149.87 220.034 9.95734e+06
17000 301.965 149.763 220.045 9.95108e+06
17500 302.01 149.812 220.035 9.95543e+06
18000 301.918 149.802 220.102 9.95473e+06
18500 302.049 149.85 219.923 9.9542e+06
19000 302.092 149.898 219.736 9.9503e+06
19500 302.135 149.814 219.905 9.95384e+06
20000 301.811 149.801 220.153 9.95344e+06
20500 302.1 149.806 219.936 9.95352e+06
21000 302.054 149.86 219.944 9.95593e+06
21500 302.035 149.799 220.04 9.9556e+06
22000 302.013 149.912 219.892 9.95568e+06
22500 301.982 149.887 219.799 9.94879e+06
23000 302.219 149.759 219.776 9.94711e+06
23500 301.973 149.777 219.939 9.94752e+06
24000 302.014 149.756 219.886 9.94512e+06
24500 301.893 149.773 220.014 9.94801e+06
25000 301.854 149.812 220.044 9.95066e+06
25500 301.913 149.782 220.03 9.95002e+06
26000 301.861 149.837 220.049 9.95281e+06
26500 301.991 149.81 220.036 9.95475e+06
27000 302.027 149.879 219.917 9.9551e+06
27500 301.989 149.849 219.854 9.94899e+06
28000 302.137 149.867 219.825 9.95375e+06
28500 302.111 149.853 219.777 9.94976e+06
29000 302.098 149.939 219.697 9.95146e+06
29500 302.128 149.921 219.709 9.95179e+06
30000 301.88 149.896 219.842 9.94799e+06
30500 301.896 149.851 219.933 9.94963e+06
31000 301.696 149.895 219.982 9.9482e+06
31500 301.887 149.91 219.832 9.94867e+06
32000 301.855 149.857 219.9 9.94713e+06
32500 302.026 149.867 219.867 9.95202e+06
33000 301.925 149.89 219.841 9.94905e+06
33500 301.844 149.89 219.918 9.94983e+06
34000 301.885 149.876 219.992 9.95357e+06
34500 301.596 149.982 220.094 9.95573e+06
35000 301.687 149.971 220.048 9.95594e+06
35500 301.851 149.94 219.95 9.95482e+06
36000 301.841 149.901 219.936 9.95129e+06
36500 301.8 149.962 219.925 9.95349e+06
37000 301.587 149.956 220.103 9.95408e+06
37500 301.686 149.9 220.102 9.95362e+06
38000 301.926 149.883 219.877 9.95021e+06
38500 301.964 150.031 219.708 9.95366e+06
39000 302.14 149.954 219.74 9.95581e+06
39500 302.257 149.87 219.743 9.95423e+06
40000 301.867 149.949 219.762 9.94741e+06
40500 302.178 149.851 219.658 9.94645e+06
41000 302.116 149.87 219.777 9.95108e+06
41500 302.166 149.804 219.925 9.95506e+06
42000 302.083 149.843 219.831 9.95063e+06
42500 301.84 149.831 220.015 9.95021e+06
43000 302.02 149.827 219.89 9.9502e+06
43500 302.167 149.847 219.791 9.95186e+06
44000 302.242 149.801 219.665 9.94557e+06
44500 302.02 149.808 219.767 9.94339e+06
45000 302.039 149.814 219.724 9.94242e+06
45500 302.136 149.841 219.715 9.947e+06
46000 302.272 149.89 219.557 9.94761e+06
46500 302.163 149.934 219.504 9.94454e+06
47000 302.043 149.804 219.8 9.94536e+06
47500 301.994 149.805 219.938 9.95003e+06
48000 301.852 149.863 219.905 9.94775e+06
48500 301.732 149.859 219.924 9.94436e+06
49000 301.77 149.845 220.015 9.94878e+06
49500 301.743 149.924 219.976 9.95141e+06
50000 301.719 149.852 220.027 9.94813e+06
50500 301.997 149.811 219.912 9.9494e+06
51000 302.15 149.841 219.697 9.94664e+06
51500 302.526 149.823 219.43 9.94572e+06
52000 302.203 149.882 219.556 9.94476e+06
52500 302.153 149.862 219.632 9.94522e+06
53000 301.975 149.885 219.67 9.94259e+06
53500 302.128 149.855 219.661 9.94526e+06
54000 302.245 149.793 219.686 9.94607e+06
54500 302.199 149.837 219.701 9.94823e+06
55000 302.072 149.905 219.752 9.95086e+06
55500 301.911 149.896 219.776 9.946e+06
56000 301.99 149.918 219.718 9.94747e+06
56500 301.966 149.909 219.794 9.94947e+06
57000 302.135 149.818 219.768 9.94789e+06
57500 301.978 149.901 219.751 9.94743e+06
58000 302.07 149.858 219.739 9.94705e+06
58500 302.131 149.875 219.755 9.95093e+06
59000 302.174 149.905 219.567 9.94584e+06
59500 302.16 149.892 219.58 9.94509e+06
60000 302.014 149.918 219.644 9.94489e+06
60500 302.051 149.847 219.725 9.94506e+06
61000 301.886 149.917 219.67 9.94175e+06
61500 301.921 149.906 219.735 9.94517e+06
62000 301.908 149.862 219.87 9.94793e+06
62500 301.642 149.855 220.086 9.94843e+06
63000 301.864 149.824 219.905 9.94552e+06
63500 301.964 149.927 219.715 9.94704e+06
64000 301.732 149.936 219.876 9.94726e+06
64500 301.79 149.917 219.877 9.94797e+06
65000 301.819 149.908 219.855 9.94738e+06
65500 301.842 149.843 219.844 9.94328e+06
66000 301.91 149.912 219.822 9.94911e+06
66500 301.869 149.94 219.794 9.94835e+06
67000 301.8 149.973 219.855 9.95105e+06
67500 301.839 149.88 219.883 9.94739e+06
68000 301.8 149.89 219.827 9.94428e+06
68500 301.619 149.903 219.921 9.94345e+06
69000 301.804 149.892 219.928 9.94914e+06
69500 301.96 149.917 219.771 9.94884e+06
70000 302.012 149.896 219.573 9.94013e+06
70500 301.993 149.886 219.64 9.94188e+06
71000 301.889 149.912 219.73 9.9443e+06
71500 301.852 149.949 219.764 9.94704e+06
72000 301.793 149.913 219.983 9.95263e+06
72500 301.768 149.929 219.982 9.95281e+06
73000 301.682 150.004 219.883 9.95046e+06
73500 301.803 149.898 220.022 9.9537e+06
74000 301.624 149.849 220.09 9.94764e+06
74500 301.744 149.903 219.868 9.94515e+06
75000 301.902 149.855 219.758 9.94218e+06
75500 301.702 149.945 219.829 9.94482e+06
76000 301.882 149.942 219.762 9.94748e+06
76500 301.779 149.941 219.839 9.94751e+06
77000 301.709 149.826 219.971 9.94354e+06
77500 301.909 149.812 219.876 9.94488e+06
78000 301.943 149.807 219.769 9.94082e+06
78500 302.054 149.773 219.736 9.94077e+06
79000 301.841 149.86 219.785 9.9417e+06
79500 301.958 149.86 219.776 9.94516e+06
80000 301.955 149.867 219.772 9.94535e+06
80500 301.988 149.839 219.754 9.94378e+06
81000 301.976 149.869 219.665 9.94138e+06
81500 302.112 149.788 219.783 9.94581e+06
82000 301.957 149.783 219.827 9.94233e+06
82500 302.088 149.9 219.679 9.94773e+06
83000 302.135 149.944 219.639 9.95041e+06
83500 301.988 149.925 219.6 9.94255e+06
84000 302.246 149.864 219.448 9.94008e+06
84500 301.97 149.966 219.561 9.94288e+06
85000 302.105 149.883 219.67 9.94673e+06
85500 301.877 149.92 219.728 9.94433e+06
86000 302.078 149.979 219.519 9.94541e+06
86500 302.012 149.966 219.6 9.94605e+06
87000 301.89 149.84 219.826 9.94388e+06
87500 301.966 149.855 219.744 9.94369e+06
88000 302.139 149.927 219.589 9.94714e+06
88500 302.194 149.919 219.504 9.9445e+06
89000 302.264 149.911 219.433 9.94309e+06
89500 302.122 149.926 219.565 9.94536e+06
90000 301.875 149.91 219.616 9.9385e+06
90500 301.984 149.855 219.669 9.94081e+06
91000 302.112 149.843 219.623 9.94222e+06
91500 302.194 149.9 219.591 9.94723e+06
92000 301.912 149.898 219.763 9.94563e+06
92500 301.861 149.83 219.863 9.94393e+06
93000 301.868 149.914 219.798 9.94678e+06
93500 301.899 149.919 219.767 9.94673e+06
94000 301.912 149.91 219.781 9.94719e+06
94500 302.037 149.898 219.652 9.94469e+06
95000 302.102 149.891 219.585 9.94338e+06
95500 301.877 149.852 219.796 9.9429e+06
96000 301.875 149.894 219.751 9.94358e+06
96500 302.12 149.915 219.583 9.94547e+06
97000 302.037 149.9 219.569 9.9411e+06
97500 302.106 149.872 219.635 9.94445e+06
98000 301.766 149.868 219.878 9.94401e+06
98500 301.912 149.895 219.716 9.94324e+06
99000 302.076 149.909 219.514 9.94049e+06
99500 302.265 149.849 219.479 9.94113e+06
100000 302.232 149.837 219.635 9.94626e+06
100500 302.078 149.924 219.71 9.95039e+06
101000 301.816 149.963 219.788 9.94787e+06
101500 301.838 149.939 219.775 9.94644e+06
102000 301.935 149.922 219.778 9.94863e+06
102500 302.101 149.929 219.692 9.95065e+06
103000 301.84 149.915 219.799 9.94599e+06
103500 301.804 149.875 219.856 9.94471e+06
104000 301.638 149.891 219.918 9.94308e+06
104500 301.798 149.883 219.835 9.94412e+06
105000 301.683 149.938 219.763 9.9407e+06
105500 301.703 149.901 219.815 9.94126e+06
106000 301.944 149.852 219.785 9.94459e+06
106500 301.901 149.803 219.817 9.9414e+06
107000 301.84 149.886 219.839 9.94585e+06
107500 301.719 149.89 219.835 9.94196e+06
108000 301.746 149.898 219.863 9.94467e+06
108500 301.616 149.879 220.005 9.9455e+06
109000 301.595 149.957 220.083 9.95351e+06
109500 301.576 149.936 219.997 9.94763e+06
110000 301.84 149.942 219.805 9.94801e+06
110500 301.611 149.985 219.936 9.94927e+06
111000 301.652 149.975 219.861 9.94658e+06
111500 301.701 150.009 219.745 9.94522e+06
112000 301.77 149.922 219.739 9.94141e+06
112500 301.682 149.912 219.823 9.94165e+06
113000 301.662 149.912 219.957 9.94707e+06
113500 301.725 149.916 219.914 9.94743e+06
114000 301.787 149.863 219.911 9.94584e+06
114500 301.99 149.841 219.741 9.94339e+06
115000 302.051 149.904 219.664 9.94614e+06
115500 301.911 149.934 219.758 9.94775e+06
116000 301.894 149.912 219.795 9.94733e+06
116500 301.938 149.931 219.801 9.95036e+06
117000 301.656 149.935 219.904 9.94602e+06
117500 301.845 149.901 219.785 9.94454e+06
118000 301.642 149.932 219.82 9.94152e+06
118500 301.637 149.884 219.91 9.94222e+06
119000 301.716 149.867 219.908 9.94359e+06
119500 301.757 149.901 219.881 9.94605e+06
120000 301.727 149.907 219.838 9.9435e+06
120500 301.616 149.95 219.855 9.94344e+06
121000 301.639 149.864 219.96 9.94329e+06
121500 301.98 149.886 219.762 9.94701e+06
122000 302.048 149.905 219.493 9.93833e+06
122500 302.072 149.933 219.516 9.94198e+06
123000 302.051 149.94 219.498 9.94095e+06
123500 302.054 149.902 219.57 9.94178e+06
124000 302.033 149.939 219.583 9.94409e+06
124500 302.067 149.99 219.457 9.94297e+06
125000 302.17 149.904 219.433 9.93952e+06
125500 301.918 149.878 219.799 9.94608e+06
126000 301.871 149.853 219.885 9.94671e+06
126500 301.894 149.857 219.765 9.94237e+06
127000 301.941 149.92 219.719 9.94605e+06
127500 302.156 149.828 219.619 9.94242e+06
128000 301.938 149.857 219.667 9.93939e+06
128500 301.978 149.88 219.527 9.93592e+06
129000 301.951 149.838 219.601 9.93556e+06
129500 301.905 149.893 219.646 9.93977e+06
130000 302.133 149.869 219.582 9.94279e+06
130500 301.741 149.911 219.651 9.93578e+06
131000 301.689 149.894 219.819 9.94057e+06
131500 301.661 149.821 219.932 9.93986e+06
132000 301.883 149.756 219.939 9.94321e+06
132500 301.888 149.883 219.741 9.9428e+06
133000 301.869 149.834 219.75 9.93934e+06
133500 302.015 149.869 219.693 9.94387e+06
134000 301.781 149.823 219.804 9.93814e+06
134500 301.924 149.805 219.719 9.93781e+06
135000 301.764 149.876 219.687 9.93581e+06
135500 301.9 149.888 219.654 9.93956e+06
136000 301.974 149.868 219.678 9.94184e+06
136500 301.921 149.848 219.724 9.94081e+06
137000 301.988 149.861 219.672 9.94153e+06
137500 301.849 149.889 219.705 9.94035e+06
138000 301.935 149.933 219.631 9.94272e+06
138500 301.927 149.912 219.703 9.9443e+06
139000 302.007 149.906 219.68 9.94549e+06
139500 301.922 149.882 219.687 9.94149e+06
140000 301.912 149.904 219.719 9.94399e+06
140500 301.915 149.867 219.696 9.94059e+06
141000 302.17 149.901 219.601 9.94696e+06
141500 301.901 149.882 219.648 9.93894e+06
142000 301.883 149.803 219.817 9.9408e+06
142500 301.889 149.851 219.745 9.94093e+06
143000 302.01 149.835 219.579 9.93629e+06
143500 302.014 149.948 219.411 9.93637e+06
144000 302.2 149.815 219.47 9.93631e+06
144500 302.106 149.805 219.639 9.94016e+06
145000 302.008 149.878 219.632 9.94152e+06
145500 302.065 149.912 219.604 9.94439e+06
146000 301.919 149.861 219.724 9.94161e+06
146500 301.838 149.932 219.658 9.9407e+06
147000 301.941 149.876 219.699 9.94216e+06
147500 301.911 149.839 219.844 9.94532e+06
148000 301.572 149.853 219.962 9.94043e+06
148500 301.874 149.853 219.809 9.94345e+06
149000 302.046 149.813 219.672 9.94024e+06
149500 301.947 149.87 219.557 9.93558e+06
150000 302.015 149.875 219.578 9.93909e+06
150500 302.02 149.792 219.664 9.93762e+06
151000 302.159 149.858 219.453 9.93701e+06
151500 302.129 149.951 219.379 9.93886e+06
152000 302.205 149.947 219.45 9.94428e+06
152500 302.04 149.838 219.732 9.9444e+06
153000 301.924 149.781 219.834 9.94146e+06
153500 301.958 149.809 219.772 9.94166e+06
154000 302.063 149.829 219.634 9.94014e+06
154500 302.089 149.885 219.579 9.94223e+06
155000 301.991 149.828 219.656 9.93866e+06
155500 302.095 149.884 219.61 9.94377e+06
156000 301.959 149.854 219.645 9.93888e+06
156500 301.958 149.835 219.701 9.94015e+06
157000 302.018 149.806 219.678 9.93912e+06
157500 301.903 149.788 219.792 9.93931e+06
158000 301.713 149.798 220.01 9.9436e+06
158500 301.76 149.792 219.932 9.94116e+06
159000 302.009 149.903 219.547 9.93935e+06
159500 301.949 149.904 219.58 9.93889e+06
160000 302.057 149.932 219.604 9.9454e+06
160500 302.123 149.866 219.571 9.94177e+06
161000 302.078 149.868 219.57 9.9403e+06
161500 302.059 149.861 219.661 9.94333e+06
162000 301.931 149.867 219.785 9.94515e+06
162500 301.898 149.879 219.744 9.94302e+06
163000 301.896 149.93 219.728 9.94559e+06
163500 301.898 149.797 219.833 9.94161e+06
164000 301.968 149.805 219.754 9.94085e+06
164500 302.022 149.873 219.582 9.93936e+06
165000 302.005 149.86 219.619 9.93964e+06
165500 301.956 149.84 219.694 9.94007e+06
166000 302.035 149.846 219.597 9.93868e+06
166500 301.955 149.849 219.609 9.93679e+06
167000 301.846 149.801 219.76 9.93682e+06
167500 302.019 149.836 219.651 9.93995e+06
168000 302.024 149.754 219.635 9.93389e+06
168500 301.996 149.822 219.614 9.93656e+06
169000 301.965 149.823 219.625 9.93612e+06
169500 302.004 149.743 219.625 9.93212e+06
170000 302.108 149.76 219.58 9.93462e+06
170500 301.961 149.838 219.541 9.9332e+06
171000 302.078 149.858 219.532 9.93797e+06
171500 302.067 149.81 219.628 9.93872e+06
172000 301.896 149.756 219.825 9.93843e+06
172500 302.003 149.784 219.686 9.93756e+06
173000 302.037 149.831 219.585 9.9372e+06
173500 302.176 149.823 219.543 9.93937e+06
174000 302.145 149.75 219.63 9.93737e+06
174500 302.051 149.809 219.664 9.93978e+06
175000 302.02 149.84 219.622 9.93893e+06
175500 302.258 149.753 219.464 9.93383e+06
176000 301.983 149.775 219.617 9.93317e+06
176500 301.834 149.803 219.76 9.93659e+06
177000 302.141 149.729 219.718 9.93988e+06
177500 301.937 149.804 219.797 9.94172e+06
178000 301.842 149.828 219.732 9.9372e+06
178500 301.907 149.882 219.74 9.9433e+06
179000 301.828 149.794 219.807 9.93787e+06
179500 301.912 149.82 219.757 9.94013e+06
180000 301.982 149.836 219.664 9.9393e+06
180500 301.833 149.88 219.725 9.94009e+06
181000 301.794 149.855 219.87 9.94369e+06
181500 301.891 149.9 219.742 9.94405e+06
182000 301.855 149.893 219.731 9.94191e+06
182500 301.84 149.912 219.732 9.94274e+06
183000 301.992 149.89 219.646 9.94243e+06
183500 301.944 149.853 219.664 9.93919e+06
184000 301.967 149.817 219.641 9.93653e+06
184500 301.842 149.877 219.648 9.93668e+06
185000 301.872 149.769 219.753 9.93523e+06
185500 301.948 149.847 219.616 9.93671e+06
186000 301.846 149.9 219.636 9.9378e+06
186500 301.657 149.832 219.904 9.9392e+06
187000 301.44 149.829 220.155 9.94319e+06
187500 301.449 149.778 220.098 9.9375e+06
188000 301.839 149.845 219.798 9.94127e+06
188500 301.845 149.832 219.653 9.93406e+06
189000 301.673 149.889 219.712 9.93481e+06
189500 301.921 149.866 219.59 9.93598e+06
190000 302.054 149.855 219.474 9.93439e+06
190500 301.729 149.914 219.66 9.93595e+06
191000 301.799 149.808 219.728 9.93434e+06
191500 301.912 149.843 219.778 9.94262e+06
192000 301.693 149.856 219.888 9.94126e+06
192500 301.579 149.851 220.042 9.94412e+06
193000 301.657 149.828 219.98 9.94234e+06
193500 301.69 149.834 219.921 9.94122e+06
194000 301.928 149.814 219.78 9.94136e+06
194500 301.884 149.859 219.738 9.94095e+06
195000 301.803 149.787 219.755 9.93428e+06
195500 301.937 149.804 219.674 9.93616e+06
196000 302.016 149.832 219.585 9.9366e+06
196500 301.877 149.768 219.742 9.93487e+06
197000 302.094 149.832 219.628 9.9411e+06
197500 301.917 149.784 219.657 9.93339e+06
198000 301.908 149.846 219.646 9.93669e+06
198500 302.094 149.83 219.548 9.93733e+06
199000 301.896 149.798 219.63 9.93241e+06
199500 302 149.735 219.74 9.93664e+06
200000 302.055 149.7 219.657 9.93239e+06
