# Time-averaged data for fix vv
# TimeStep v_l1 v_l2 v_l3 v_vs
500 153.231 75.1717 217.283 2.50283e+06
1000 152.939 73.9502 217.524 2.46017e+06
1500 152.294 73.5774 218.176 2.44474e+06
2000 152.092 73.3335 218.316 2.43497e+06
2500 151.854 73.2723 218.224 2.42812e+06
3000 151.944 73.0959 218.071 2.42201e+06
3500 152.044 73.1173 217.989 2.4234e+06
4000 152.004 73.1096 218.193 2.42477e+06
4500 152.189 72.9734 217.987 2.42091e+06
5000 152.132 73.0442 217.602 2.41808e+06
5500 152.066 72.9054 217.984 2.41666e+06
6000 151.975 72.8353 218.2 2.41528e+06
6500 151.962 72.8285 218.002 2.41266e+06
7000 152.05 72.8246 217.949 2.41335e+06
7500 152.125 72.9082 217.881 2.41656e+06
8000 152.04 72.926 217.605 2.41274e+06
8500 151.952 72.8898 217.593 2.41e+06
9000 151.967 72.8796 217.821 2.41243e+06
9500 152.06 72.9733 217.702 2.41569e+06
10000 152.283 72.9645 217.618 2.41801e+06
10500 152.221 72.9376 217.723 2.4173e+06
11000 152.201 72.9309 217.748 2.41705e+06
11500 152.191 72.8932 217.591 2.41388e+06
12000 152.111 72.8924 217.448 2.41101e+06
12500 152.012 72.8749 217.501 2.40945e+06
13000 151.951 72.8941 217.601 2.41021e+06
13500 151.989 72.8546 217.872 2.41252e+06
14000 151.994 72.8537 217.894 2.41281e+06
14500 152.06 72.8726 217.931 2.41489e+06
15000 152.124 72.8692 217.652 2.41271e+06
15500 152.047 73.0002 217.496 2.41409e+06
16000 152.051 72.8717 217.763 2.41285e+06
16500 152.053 72.7991 218.019 2.41332e+06
17000 152.121 72.9438 217.766 2.4164e+06
17500 152.177 72.8845 217.75 2.41515e+06
18000 152.128 72.9433 217.759 2.4164e+06
18500 152.129 72.9203 217.636 2.41431e+06
19000 152.126 72.9835 217.582 2.41575e+06
19500 152.015 73.015 217.6 2.41522e+06
20000 152.167 73.024 217.124 2.41264e+06
20500 152.188 73.0529 217.218 2.41497e+06
21000 152.119 72.9758 217.356 2.41287e+06
21500 152.055 73.0125 217.584 2.41561e+06
22000 152.183 72.9498 217.559 2.41528e+06
22500 152.096 72.9614 217.484 2.41344e+06
23000 152.005 72.9478 217.568 2.41249e+06
23500 151.956 72.9188 217.68 2.41199e+06
24000 152.011 72.9609 217.6 2.41336e+06
24500 152.012 72.8604 217.713 2.4113e+06
25000 151.943 72.8536 217.682 2.40965e+06
25500 152.083 72.8229 217.743 2.41153e+06
26000 151.875 72.7937 217.916 2.40918e+06
26500 151.792 72.8239 217.809 2.40768e+06
27000 151.785 72.8253 217.687 2.40626e+06
27500 151.982 72.8692 217.576 2.40961e+06
28000 151.94 72.8194 217.831 2.41011e+06
28500 152.019 72.8755 217.663 2.41136e+06
29000 152.007 72.9405 217.681 2.41354e+06
29500 152.092 72.9444 217.716 2.4154e+06
30000 152.206 72.9626 217.356 2.41382e+06
30500 152.21 72.964 217.145 2.41158e+06
31000 152.074 73.0243 217.319 2.41335e+06
31500 152.024 72.9958 217.515 2.41378e+06
32000 152.104 72.8844 217.349 2.40953e+06
32500 152.119 72.9522 217.2 2.41035e+06
33000 152.136 72.9644 217.182 2.41083e+06
33500 152.079 72.8643 217.648 2.41179e+06
34000 151.919 72.8965 217.482 2.40848e+06
34500 151.94 72.9778 217.345 2.40997e+06
35000 151.911 72.919 217.398 2.40817e+06
35500 152.05 72.8378 217.543 2.40929e+06
36000 152.024 72.8905 217.394 2.40897e+06
36500 151.987 72.9767 217.349 2.41073e+06
37000 151.974 72.8636 217.546 2.40897e+06
37500 151.988 72.8304 217.562 2.40826e+06
38000 151.964 72.9404 217.581 2.41174e+06
38500 152.028 72.984 217.349 2.41162e+06
39000 152.083 72.8523 217.336 2.40799e+06
39500 151.972 72.8694 217.596 2.40968e+06
40000 151.922 72.9243 217.698 2.41182e+06
40500 151.988 72.7637 217.824 2.40896e+06
41000 151.889 72.86 217.678 2.40897e+06
41500 152.059 72.9822 217.187 2.41025e+06
42000 151.928 73.0401 217.265 2.41096e+06
42500 152.038 72.9164 217.45 2.41066e+06
43000 152.092 72.9094 217.549 2.4124e+06
43500 152.162 72.8511 217.379 2.40967e+06
44000 152.02 72.9885 217.227 2.41028e+06
44500 152.123 72.935 217.235 2.41024e+06
45000 152.055 72.8999 217.322 2.40896e+06
45500 151.889 72.956 217.332 2.40831e+06
46000 151.937 72.8806 217.269 2.40587e+06
46500 151.874 72.8432 217.387 2.40495e+06
47000 152.011 72.7979 217.394 2.4057e+06
47500 152.081 72.8764 217.264 2.40797e+06
48000 152.061 72.8515 217.477 2.40918e+06
48500 152.095 72.7807 217.346 2.40592e+06
49000 151.955 72.8588 217.157 2.4042e+06
49500 151.859 72.8146 217.23 2.40203e+06
50000 151.924 72.7149 217.667 2.4046e+06
50500 151.887 72.7634 217.639 2.40531e+06
51000 151.931 72.8597 217.286 2.40528e+06
51500 151.908 72.8721 217.331 2.40583e+06
52000 151.941 72.7748 217.57 2.40576e+06
52500 151.879 72.8282 217.548 2.40632e+06
53000 151.883 72.8044 217.29 2.40274e+06
53500 151.962 72.8229 217.15 2.40305e+06
54000 151.988 72.751 217.395 2.40379e+06
54500 152.053 72.7866 217.482 2.40697e+06
55000 152.175 72.8796 217.279 2.40972e+06
55500 152.262 72.9148 217.163 2.41098e+06
56000 152.199 72.9289 217.217 2.41104e+06
56500 152.125 72.9181 217.309 2.41054e+06
57000 152.034 72.8277 217.294 2.40595e+06
57500 152.055 72.9384 217.055 2.40728e+06
58000 152.096 72.8935 216.971 2.40553e+06
58500 152.159 72.8603 217.059 2.40639e+06
59000 152.168 72.916 217.278 2.4108e+06
59500 152.077 72.882 217.163 2.40697e+06
60000 152.106 72.8642 217.135 2.40652e+06
60500 152.123 72.915 217.054 2.40758e+06
61000 152.036 72.9227 216.997 2.40581e+06
61500 152.12 72.9455 217.121 2.40928e+06
62000 152.168 72.9419 217.262 2.41148e+06
62500 152.223 73.0872 216.816 2.41219e+06
63000 152.259 73.072 216.709 2.41106e+06
63500 152.193 72.9446 217.142 2.41065e+06
64000 152.006 72.9013 217.493 2.41014e+06
64500 152.07 72.9213 217.185 2.4084e+06
65000 152.132 72.9844 216.884 2.40812e+06
65500 152.211 72.9996 216.903 2.41008e+06
66000 152.128 73.0047 216.876 2.40865e+06
66500 152.072 72.9796 217.049 2.40885e+06
67000 152.187 73.0053 217.19 2.41308e+06
67500 152.135 72.9626 217.25 2.41151e+06
68000 152.19 73.0006 217.102 2.412e+06
68500 152.13 72.9659 217.042 2.40922e+06
69000 152.195 73.0066 217.037 2.41156e+06
69500 152.111 72.9427 216.991 2.4076e+06
70000 152.143 72.979 217.183 2.41143e+06
70500 152.198 72.9196 217.102 2.40945e+06
71000 152.16 73.0218 216.736 2.40814e+06
71500 152.015 72.9954 217.033 2.40828e+06
72000 152.086 72.8883 217.538 2.41146e+06
72500 152.13 72.9165 217.268 2.41011e+06
73000 152.092 73.0716 216.902 2.41056e+06
73500 151.976 73.0008 217.053 2.40806e+06
74000 151.969 72.8801 217.534 2.4093e+06
74500 152.073 72.943 217.355 2.41105e+06
75000 152.158 73.0431 217.093 2.4128e+06
75500 152.06 73.0326 217.188 2.41196e+06
76000 152.178 73.0612 217.132 2.41414e+06
76500 152.278 73.0753 217.036 2.41512e+06
77000 152.287 73.095 217.042 2.41599e+06
77500 152.16 73.1597 217.132 2.4171e+06
78000 152.24 73.1686 217.009 2.41729e+06
78500 152.226 73.1155 217.048 2.41577e+06
79000 152.039 73.0226 217.279 2.4123e+06
79500 152.078 73.0636 217.044 2.41165e+06
80000 152.136 73.089 216.801 2.41072e+06
80500 152.09 73.1002 216.942 2.41192e+06
81000 152.181 72.9415 217.114 2.41003e+06
81500 152.122 73.0122 217.192 2.41229e+06
82000 152.105 73.0058 217.028 2.41e+06
82500 152.053 73.0478 217.106 2.41143e+06
83000 152.16 73.0094 217.167 2.41253e+06
83500 152.122 72.9917 217.065 2.41022e+06
84000 152.097 73.0436 216.98 2.41059e+06
84500 152.184 73.0386 217.11 2.41325e+06
85000 152.106 72.9904 217.24 2.41186e+06
85500 152.203 73.0881 216.969 2.41362e+06
86000 152.217 73.0126 217.093 2.41272e+06
86500 152.165 72.9493 217.182 2.4108e+06
87000 152.109 73.0404 217.119 2.41221e+06
87500 152.201 73.0617 216.854 2.41143e+06
88000 152.238 73.0022 216.931 2.4109e+06
88500 152.349 73.0506 216.888 2.41379e+06
89000 152.423 73.1067 216.669 2.41437e+06
89500 152.293 73.1167 216.879 2.41498e+06
90000 152.315 73.0798 216.898 2.41433e+06
90500 152.283 72.9757 216.991 2.41141e+06
91000 152.308 73.0323 217.01 2.41388e+06
91500 152.304 73.0081 217.093 2.41395e+06
92000 152.189 73.0707 217.152 2.41485e+06
92500 152.172 72.9785 217.052 2.41043e+06
93000 152.123 72.9733 217.021 2.40912e+06
93500 152.06 72.9378 217.153 2.40842e+06
94000 152.006 72.8722 217.391 2.40805e+06
94500 152.024 72.805 217.65 2.40898e+06
95000 151.938 72.8708 217.709 2.41043e+06
95500 152.016 72.9594 217.312 2.4102e+06
96000 152.146 72.9837 217.024 2.40987e+06
96500 152.182 73.0751 217.001 2.41322e+06
97000 152.301 73.0045 216.791 2.41042e+06
97500 152.161 72.9907 217.212 2.41242e+06
98000 152.22 72.9149 217.302 2.41186e+06
98500 152.152 72.9777 216.987 2.40936e+06
99000 152.132 72.9819 216.779 2.40688e+06
99500 152.131 72.8921 216.941 2.40568e+06
100000 152.032 72.8726 217.168 2.40599e+06
100500 152.013 72.9117 217.115 2.40641e+06
101000 152.069 72.8619 217.172 2.40628e+06
101500 152.118 72.8989 217.235 2.40896e+06
102000 152.006 72.8549 217.261 2.40603e+06
102500 151.948 72.8709 217.3 2.40607e+06
103000 151.965 72.8398 217.182 2.40401e+06
103500 152.059 72.8506 217.127 2.40524e+06
104000 152.05 72.7626 217.476 2.40605e+06
104500 152.12 72.8125 217.315 2.40703e+06
105000 152.155 72.9049 217.003 2.40718e+06
105500 152.087 72.9508 217.073 2.40839e+06
106000 152.2 72.9007 216.97 2.40739e+06
106500 152.024 72.8677 217.233 2.40642e+06
107000 151.992 72.8174 217.459 2.40677e+06
107500 152.115 73.0139 217.086 2.41106e+06
108000 152.195 72.975 216.881 2.40877e+06
108500 152.262 72.9568 217.095 2.41162e+06
109000 152.168 72.9641 217.288 2.4125e+06
109500 152.208 72.9407 217.047 2.40969e+06
110000 152.052 72.9762 217.181 2.40988e+06
110500 152.069 72.9494 217.244 2.40997e+06
111000 152.163 72.9326 217.268 2.41116e+06
111500 152.134 73.0172 217.123 2.41189e+06
112000 152.219 73.0546 217.064 2.41381e+06
112500 152.117 72.9954 217.15 2.41119e+06
113000 152.158 73.0072 217.077 2.41142e+06
113500 152.096 72.9093 217.233 2.40894e+06
114000 152.013 72.8688 217.273 2.40673e+06
114500 151.993 72.8935 217.446 2.40915e+06
115000 152.034 72.8461 217.525 2.4091e+06
115500 152.053 72.8632 217.486 2.40954e+06
116000 152.166 72.8892 217.203 2.40906e+06
116500 152.118 72.9271 217.01 2.4074e+06
117000 151.975 72.8368 217.277 2.40511e+06
117500 151.931 72.7831 217.556 2.40573e+06
118000 151.966 72.8254 217.419 2.40618e+06
118500 152.106 72.8086 217.149 2.40484e+06
119000 152.117 72.8489 217.118 2.40601e+06
119500 152.03 72.9444 217.217 2.40888e+06
120000 152.176 72.9143 217.146 2.40941e+06
120500 152.108 72.9132 217.201 2.40891e+06
121000 152.089 72.904 217.296 2.40935e+06
121500 152.052 72.8103 217.463 2.40751e+06
122000 151.989 72.7962 217.409 2.40546e+06
122500 151.988 72.7251 217.48 2.40387e+06
123000 151.891 72.8447 217.385 2.40525e+06
123500 151.973 72.7736 217.292 2.40316e+06
124000 152.043 72.8067 217.337 2.40586e+06
124500 152.091 72.839 217.31 2.40739e+06
125000 152.136 72.9334 217.052 2.40836e+06
125500 152.116 72.8472 217.142 2.40619e+06
126000 152.02 72.8289 217.51 2.40815e+06
126500 151.955 72.8565 217.511 2.40804e+06
127000 152.078 72.906 217.044 2.40646e+06
127500 152.085 72.873 217.161 2.40677e+06
128000 152.096 72.7362 217.506 2.40624e+06
128500 152.067 72.768 217.601 2.4079e+06
129000 152.099 72.793 217.416 2.40718e+06
129500 152.195 72.871 217.273 2.40969e+06
130000 152.096 72.9611 217.178 2.41005e+06
130500 152.134 72.9386 217.181 2.40994e+06
131000 152.049 72.8627 217.461 2.40918e+06
131500 152.033 72.8376 217.473 2.40824e+06
132000 152.081 72.8757 217.231 2.40757e+06
132500 152.146 72.8542 217.394 2.40969e+06
133000 152.029 72.8676 217.544 2.40994e+06
133500 152.148 72.8687 217.291 2.40908e+06
134000 152.21 72.8511 217.193 2.40837e+06
134500 152.184 72.8622 217.327 2.40982e+06
135000 152.158 72.8932 217.233 2.4094e+06
135500 152.182 72.9467 217.378 2.41314e+06
136000 152.224 72.7948 217.565 2.41087e+06
136500 152.266 72.9243 217.25 2.41231e+06
137000 152.158 72.8976 217.246 2.40969e+06
137500 152.111 72.8324 217.412 2.40861e+06
138000 152.043 72.8415 217.339 2.40704e+06
138500 151.896 72.8163 217.433 2.40492e+06
139000 152.076 72.7634 217.512 2.40689e+06
139500 152.036 72.7345 217.695 2.40732e+06
140000 152.016 72.7762 217.462 2.40582e+06
140500 152.078 72.7127 217.491 2.40501e+06
141000 152.077 72.8452 217.42 2.40859e+06
141500 152.215 72.8683 217.315 2.41038e+06
142000 152.22 72.9029 217.184 2.41015e+06
142500 152.149 72.888 217.219 2.40892e+06
143000 152.058 72.8537 217.354 2.40785e+06
143500 151.989 72.8563 217.203 2.40517e+06
144000 151.946 72.8179 217.354 2.40489e+06
144500 151.967 72.7673 217.448 2.4046e+06
145000 151.959 72.7852 217.679 2.40761e+06
145500 151.981 72.877 217.363 2.40749e+06
146000 152.097 72.9282 217.195 2.40916e+06
146500 152.12 72.8302 217.384 2.40839e+06
147000 152.157 72.8838 217.378 2.41067e+06
147500 151.993 72.8859 217.425 2.40867e+06
148000 151.983 72.9447 217.313 2.40922e+06
148500 152.056 72.8232 217.456 2.40792e+06
149000 151.973 72.7511 217.56 2.40538e+06
149500 151.909 72.7228 217.528 2.40309e+06
150000 151.884 72.6775 217.51 2.40099e+06
150500 151.928 72.6643 217.439 2.40047e+06
151000 151.833 72.6033 217.837 2.40135e+06
151500 151.857 72.5781 218.022 2.40293e+06
152000 151.8 72.6638 218 2.40462e+06
152500 151.916 72.6898 217.461 2.40136e+06
153000 151.974 72.7533 217.556 2.40542e+06
153500 152.008 72.6544 217.763 2.40499e+06
154000 151.966 72.7133 217.492 2.40326e+06
154500 151.882 72.6917 217.531 2.40166e+06
155000 151.835 72.7431 217.679 2.40425e+06
155500 151.995 72.6864 217.466 2.40256e+06
156000 151.937 72.6739 217.408 2.40058e+06
156500 151.988 72.7766 217.329 2.40392e+06
157000 151.944 72.7809 217.44 2.40459e+06
157500 151.952 72.7937 217.374 2.40441e+06
158000 151.995 72.7822 217.356 2.40451e+06
158500 151.991 72.7587 217.602 2.40638e+06
159000 152.028 72.7673 217.521 2.40636e+06
159500 151.898 72.822 217.312 2.4038e+06
160000 151.931 72.7147 217.367 2.40138e+06
160500 151.898 72.7364 217.551 2.40362e+06
161000 151.986 72.6565 217.522 2.40205e+06
161500 151.945 72.7653 217.362 2.40323e+06
162000 151.981 72.7605 217.536 2.40556e+06
162500 152.065 72.7388 217.422 2.40491e+06
163000 151.886 72.814 217.293 2.40313e+06
163500 152.136 72.7851 217.203 2.40513e+06
164000 152.054 72.7659 217.444 2.40588e+06
164500 152.139 72.8226 217.341 2.40795e+06
165000 152.061 72.8025 217.353 2.40619e+06
165500 152.005 72.8749 217.334 2.40748e+06
166000 152.033 72.8041 217.417 2.4065e+06
166500 152.05 72.819 217.256 2.40548e+06
167000 152.125 72.8604 217.251 2.40799e+06
167500 152.078 72.8519 217.439 2.40905e+06
168000 151.985 72.7913 217.4 2.40514e+06
168500 151.961 72.7231 217.287 2.40125e+06
169000 151.927 72.8622 217.285 2.40529e+06
169500 152.005 72.7751 217.424 2.40519e+06
170000 152.008 72.7445 217.354 2.40344e+06
170500 152.08 72.7871 217.325 2.40567e+06
171000 152.057 72.7728 217.24 2.4039e+06
171500 151.938 72.7933 217.135 2.40153e+06
172000 151.908 72.8885 217.211 2.40504e+06
172500 151.986 72.7775 217.463 2.40539e+06
173000 152.086 72.8129 217.325 2.40662e+06
173500 152.049 72.8369 217.15 2.4049e+06
174000 151.991 72.8646 217.259 2.40609e+06
174500 152.046 72.7855 217.639 2.40856e+06
175000 152.074 72.8003 217.405 2.4069e+06
175500 151.988 72.8382 217.297 2.40558e+06
176000 151.921 72.8188 217.468 2.40579e+06
176500 151.933 72.784 217.528 2.40548e+06
177000 151.917 72.7458 217.352 2.40202e+06
177500 151.962 72.7134 217.394 2.40213e+06
178000 151.888 72.7212 217.446 2.40179e+06
178500 151.799 72.7238 217.505 2.40112e+06
179000 151.949 72.691 217.424 2.40152e+06
179500 151.888 72.703 217.491 2.40169e+06
180000 151.953 72.716 217.579 2.40412e+06
180500 151.924 72.6509 217.71 2.40296e+06
181000 151.886 72.6711 217.646 2.40231e+06
181500 151.836 72.7131 217.822 2.40487e+06
182000 151.808 72.6381 217.723 2.40084e+06
182500 151.849 72.7111 217.501 2.40145e+06
183000 151.906 72.7056 217.535 2.40254e+06
183500 151.812 72.7668 217.665 2.40451e+06
184000 151.839 72.7316 217.678 2.40392e+06
184500 151.937 72.6726 217.594 2.40261e+06
185000 151.985 72.7959 217.344 2.40466e+06
185500 151.976 72.7313 217.242 2.40127e+06
186000 151.992 72.6829 217.251 2.40002e+06
186500 151.904 72.7021 217.258 2.39935e+06
187000 151.936 72.6716 217.509 2.40161e+06
187500 151.961 72.7917 217.53 2.4062e+06
188000 151.905 72.8115 217.312 2.40356e+06
188500 152.027 72.777 217.211 2.40323e+06
189000 151.98 72.8001 217.508 2.40654e+06
189500 151.986 72.8119 217.379 2.40559e+06
190000 151.953 72.799 217.388 2.40475e+06
190500 152.016 72.8392 217.266 2.40573e+06
191000 151.978 72.8343 217.511 2.40768e+06
191500 151.948 72.7589 217.623 2.40594e+06
192000 151.947 72.7398 217.581 2.40484e+06
192500 152.069 72.7159 217.269 2.40252e+06
193000 151.998 72.7307 217.358 2.40287e+06
193500 151.966 72.7978 217.242 2.4033e+06
194000 151.883 72.8311 217.346 2.40424e+06
194500 152.122 72.834 217.301 2.40761e+06
195000 152.085 72.7825 217.344 2.40581e+06
195500 152.037 72.865 217.253 2.40676e+06
196000 151.979 72.8323 217.417 2.40658e+06
196500 151.876 72.7316 217.415 2.4016e+06
197000 152.005 72.743 217.389 2.40374e+06
197500 151.988 72.7508 217.421 2.40407e+06
198000 151.919 72.7457 217.453 2.40317e+06
198500 152.091 72.8461 217.079 2.40507e+06
199000 152.078 72.9357 217.066 2.40769e+06
199500 152.056 72.8061 217.417 2.40695e+06
200000 152.034 72.8116 217.511 2.40782e+06
