# Time-averaged data for fix 3
# TimeStep c_st[0] c_st[1] c_st[2] c_st[3] c_st[4] c_st[5] c_st[6]
200000 -10.1299 -15.7191 2.40762 -17.0782 -2.01695 7.75606 4.30952
400000 -12.4274 -22.0207 3.09405 -18.3556 -2.91131 7.69256 -1.02031
600000 -10.5002 -35.7424 9.13011 -4.88832 -3.40723 10.8364 0.138539
800000 -13.0132 -36.0537 4.01101 -6.99701 -3.37218 9.10701 -3.00651
1000000 -16.399 -38.1897 2.78619 -13.7934 -1.21458 14.7826 -0.872396
1200000 -13.5726 -35.3397 8.17421 -13.5522 -0.826299 9.99548 0.835623
1400000 -16.8931 -37.9985 5.58747 -18.2682 -0.323289 9.30536 1.83907
1600000 -22.8494 -43.4084 2.16427 -27.3042 -2.4267 14.1355 0.446408
1800000 -21.905 -41.6324 -0.36789 -23.7146 -1.63517 8.98806 -1.5055
2000000 -23.6518 -41.4191 -1.39172 -28.1444 -1.25061 8.79349 -0.517867
2200000 -24.2577 -42.4048 -2.23522 -28.133 -1.55405 13.593 1.6284
2400000 -25.9233 -44.9374 -1.0248 -31.8077 -0.474858 13.9604 2.63837
2600000 -26.7033 -45.8468 -1.65768 -32.6054 -0.21635 13.7201 3.50475
2800000 -30.3172 -49.0773 -4.40606 -37.4683 0.700154 16.064 1.63427
3000000 -30.8208 -49.1097 -5.37298 -37.9797 -2.16608 15.0123 -1.73766
3200000 -31.3851 -48.9625 -6.59527 -38.5976 -3.87811 16.2595 0.500486
3400000 -35.8565 -53.5354 -7.99119 -46.0431 -1.10022 20.4135 0.560476
3600000 -33.93 -50.0793 -5.2763 -46.4344 -1.35577 16.4764 0.351632
3800000 -32.9804 -49.0569 -7.45295 -42.4313 -1.2301 13.2404 2.42848
4000000 -30.7284 -48.2152 -5.72436 -38.2455 -1.63765 12.1815 -0.390078
4200000 -31.5288 -48.3547 -5.38363 -40.848 -2.2892 10.1621 -2.08149
4400000 -32.4763 -49.8224 -7.59446 -40.0119 -1.05861 8.63546 -0.991371
4600000 -34.0388 -50.7606 -9.21744 -42.1385 -2.0695 8.41166 1.04209
4800000 -32.238 -47.8989 -7.44654 -41.3686 -2.95633 9.37873 1.87534
5000000 -32.9966 -51.0158 -8.64194 -39.332 -3.52322 7.20899 -0.218775
5200000 -33.4826 -50.7442 -9.19927 -40.5042 -3.05781 9.19657 1.82238
5400000 -33.3281 -50.271 -9.44952 -40.2639 -3.44587 6.36016 0.760707
5600000 -33.1277 -48.5041 -10.7094 -40.1696 -2.30421 8.04053 1.63969
5800000 -34.2297 -53.1216 -10.0108 -39.5567 -2.15467 8.88145 3.2918
6000000 -34.1949 -50.5578 -10.1848 -41.8422 -1.4812 10.7705 2.82545
6200000 -34.2917 -50.6712 -8.58035 -43.6235 -1.48273 11.6605 0.418082
6400000 -34.926 -51.4849 -10.0506 -43.2425 -2.39884 13.0331 1.3525
6600000 -33.2381 -50.7678 -7.75417 -41.1924 -2.52132 8.21067 1.06177
6800000 -33.8061 -51.4738 -8.46822 -41.4763 -0.959104 10.5091 0.622669
7000000 -36.1408 -54.3564 -10.9281 -43.1378 -0.653513 9.05692 -2.31153
7200000 -37.3873 -53.5113 -11.9688 -46.6818 -0.0761679 11.757 -3.26695
7400000 -37.1593 -53.3777 -13.242 -44.8582 0.253274 9.41643 -3.94827
7600000 -38.3812 -55.6996 -13.7068 -45.7374 -1.07012 7.65613 -2.00828
7800000 -37.0281 -53.7709 -12.256 -45.0574 -2.32759 9.28066 -2.37199
8000000 -36.3947 -53.5231 -11.5084 -44.1524 -1.89689 9.35859 0.0792969
8200000 -36.2272 -53.7345 -12.3949 -42.5523 -2.82673 11.5097 0.123609
8400000 -37.8577 -55.7846 -11.0475 -46.741 -2.30673 12.3914 -1.03276
8600000 -37.1251 -56.3065 -12.5813 -42.4875 -2.02204 10.6613 0.675639
8800000 -39.3788 -57.3654 -15.8522 -44.9189 -2.40808 11.5849 -0.285468
9000000 -41.5433 -59.287 -16.4115 -48.9314 -2.60664 15.5502 1.51423
9200000 -42.0253 -58.3064 -19.0442 -48.7253 -2.70688 15.2748 0.478776
9400000 -41.8705 -56.9767 -16.4206 -52.214 -3.91227 15.5984 1.03107
9600000 -41.5068 -57.4643 -15.5227 -51.5334 -2.94292 14.3208 2.16838
9800000 -46.4435 -62.577 -18.3932 -58.3604 -2.67467 16.7864 2.47633
10000000 -45.9262 -63.1527 -17.0237 -57.6021 -3.2874 17.7407 4.64387
10200000 -44.781 -61.6783 -17.139 -55.5258 -3.16324 16.6288 1.97616
10400000 -43.869 -60.4284 -14.3378 -56.8407 -1.66686 15.0081 0.760566
10600000 -44.8465 -61.0901 -16.2035 -57.246 -2.57988 13.9419 -0.167628
10800000 -43.4697 -61.3064 -14.1181 -54.9845 -3.37389 12.2907 1.75554
11000000 -43.9907 -59.7519 -15.5738 -56.6464 -2.61761 14.3334 -1.7658
11200000 -41.1347 -58.5169 -13.3544 -51.5328 -2.86777 13.4664 -0.444515
11400000 -43.6065 -59.9415 -15.6145 -55.2634 -3.47252 17.0058 2.79465
11600000 -42.7004 -60.7438 -14.1519 -53.2054 -4.3804 13.3586 2.85958
11800000 -40.1327 -57.47 -13.7668 -49.1614 -4.33964 11.4429 2.7533
12000000 -44.4822 -60.8448 -17.7692 -54.8328 -3.29151 14.9428 2.35689
12200000 -43.8301 -60.4767 -17.4275 -53.586 -4.13792 14.6175 1.48729
12400000 -43.1019 -60.1553 -15.7862 -53.3642 -3.06076 15.1631 -1.35472
12600000 -44.2851 -61.0374 -17.0855 -54.7324 -4.47677 17.3609 -2.60723
12800000 -42.3105 -59.0456 -16.1138 -51.7721 -3.75771 12.5259 1.31592
13000000 -43.3782 -59.5912 -15.3191 -55.2244 -3.05825 12.4299 1.51071
13200000 -43.8695 -59.7817 -17.6137 -54.213 -5.38151 9.73688 1.02462
13400000 -43.9963 -59.8583 -16.4608 -55.6698 -5.47604 10.8979 3.69386
13600000 -45.516 -62.9368 -17.49 -56.1212 -5.48855 13.439 3.50279
13800000 -43.9022 -61.1247 -15.3707 -55.2111 -4.89017 13.7319 0.824978
14000000 -46.5969 -63.8934 -15.6623 -60.235 -4.33666 13.3736 -0.632204
14200000 -45.8887 -64.0114 -14.9431 -58.7116 -5.54838 12.545 1.29836
14400000 -45.1813 -61.996 -16.6138 -56.9341 -5.36628 12.902 5.16081
14600000 -44.6883 -61.8469 -16.6262 -55.5919 -3.56434 12.1951 5.79322
14800000 -45.6287 -63.2372 -17.5474 -56.1014 -3.92478 13.0507 5.97492
15000000 -44.8584 -61.9802 -16.569 -56.0261 -3.71378 10.8397 8.19761
15200000 -45.9432 -62.4973 -17.0569 -58.2753 -1.53795 12.3463 7.16495
15400000 -43.6519 -59.0016 -16.4848 -55.4695 -2.03105 9.83783 6.22114
15600000 -42.0252 -58.3942 -15.222 -52.4595 -2.6803 10.578 7.5231
15800000 -43.7215 -58.5895 -17.4379 -55.1371 -3.94288 9.59696 7.6604
16000000 -45.3359 -60.6369 -18.646 -56.7247 -2.22189 12.2563 7.73515
16200000 -44.1783 -60.4856 -17.0489 -55.0003 -4.15289 8.54065 4.08051
16400000 -42.5408 -57.9171 -14.4647 -55.2405 -2.70701 7.68575 0.875434
16600000 -43.7904 -60.7116 -16.8869 -53.7727 -2.60062 8.73937 1.68468
16800000 -45.6796 -61.6745 -17.2643 -58.0999 -2.66537 10.4278 2.3453
17000000 -46.5137 -63.4509 -18.9022 -57.188 -3.748 8.73908 -1.28153
17200000 -46.7509 -61.3852 -19.6364 -59.231 -2.14274 9.36359 2.20408
17400000 -44.6966 -61.3294 -18.9565 -53.8039 -2.39703 10.2846 -0.839237
17600000 -45.829 -63.1797 -19.9695 -54.3379 -1.65971 9.55292 0.0124799
17800000 -46.2301 -62.9019 -17.6879 -58.1005 0.133666 11.9767 2.66542
18000000 -47.8468 -65.2773 -18.7995 -59.4636 -0.232116 13.886 3.06029
18200000 -47.609 -64.2722 -17.7673 -60.7875 -1.93622 13.0795 3.37098
18400000 -49.7145 -66.4776 -20.5195 -62.1463 -3.20688 12.7132 1.90638
18600000 -53.6418 -68.4068 -22.7105 -69.8082 -2.74485 15.2344 1.50695
18800000 -49.5958 -65.0258 -18.3324 -65.4293 -1.71842 12.2289 1.7133
19000000 -51.3928 -67.0348 -20.9428 -66.2009 -1.21203 14.7698 -1.13177
19200000 -55.2706 -71.4305 -20.157 -74.2243 -0.272559 20.3985 -0.838747
19400000 -54.5613 -69.1322 -20.9099 -73.6419 -1.10232 20.5465 -0.539511
19600000 -54.2189 -68.9161 -20.5635 -73.1772 -2.96788 21.1384 -0.724685
19800000 -54.9032 -68.4572 -22.7967 -73.4556 -2.42121 23.0693 0.401291
20000000 -56.25 -70.1956 -22.4192 -76.1352 -2.16523 24.0424 1.47856
20200000 -52.5786 -66.276 -20.6029 -70.857 -1.73829 21.4228 1.91471
20400000 -54.3302 -68.7254 -21.5501 -72.7151 -1.98678 23.3155 3.83671
20600000 -53.695 -69.2914 -21.9753 -69.8183 -1.13516 20.946 2.00966
20800000 -53.5158 -67.5776 -21.422 -71.5477 -2.48139 24.9073 5.88625
21000000 -53.7497 -66.8962 -21.1303 -73.2226 -2.30302 22.5918 4.44925
21200000 -56.5288 -70.5834 -23.6605 -75.3424 -1.44848 24.8595 4.59392
21400000 -52.5301 -66.4695 -20.423 -70.6978 -1.4212 22.6652 3.7009
21600000 -53.9425 -69.5431 -20.4495 -71.8349 -3.53839 22.9329 2.51478
21800000 -55.1872 -67.6441 -24.6433 -73.2743 -1.53006 20.3596 5.38988
22000000 -54.5469 -66.6165 -23.4132 -73.6112 -0.88332 20.793 6.22908
22200000 -53.84 -68.6339 -22.8641 -70.0219 -1.63665 22.0443 3.10222
22400000 -52.9675 -67.1576 -22.2091 -69.5357 -3.22681 22.9674 3.3293
22600000 -52.0486 -67.5866 -19.8309 -68.7283 -1.13432 21.1658 4.53435
22800000 -50.9882 -67.0409 -19.3097 -66.6139 -0.811485 16.8299 0.874888
23000000 -48.2864 -65.6261 -19.7465 -59.4867 -1.40971 15.0772 1.68871
23200000 -51.3613 -64.8916 -21.0758 -68.1166 -0.40321 17.6814 1.37183
23400000 -53.9452 -67.3583 -23.9382 -70.5392 -1.66523 18.2623 -0.955285
23600000 -50.3887 -64.2918 -20.5774 -66.297 -2.71542 16.4463 0.894442
23800000 -51.0971 -64.9706 -23.2812 -65.0394 -0.985756 15.8857 0.149318
24000000 -49.862 -63.9706 -21.5486 -64.0668 -1.21596 12.5064 1.25435
24200000 -51.397 -66.2474 -22.647 -65.2967 -3.08328 14.8818 -1.43906
24400000 -51.3553 -65.1916 -23.001 -65.8732 -3.95294 13.4781 0.269205
24600000 -52.4647 -66.2544 -25.7498 -65.3898 -3.13069 16.4934 3.02794
24800000 -50.7931 -65.6433 -23.7927 -62.9434 -3.0835 17.4337 0.92457
25000000 -52.3235 -68.7422 -24.745 -63.4834 -3.01095 13.4831 3.00998
25200000 -54.3549 -69.574 -23.3005 -70.1901 -2.92364 20.2704 1.54726
25400000 -56.1037 -71.1543 -25.4024 -71.7544 -1.79355 20.7018 1.09736
25600000 -57.5668 -73.1809 -25.8528 -73.6666 -1.5368 20.6041 1.01593
25800000 -57.2122 -73.1488 -24.475 -74.0127 -1.45034 21.3478 -1.09679
26000000 -55.828 -71.0744 -24.5433 -71.8665 -0.602307 19.0615 -1.90645
26200000 -56.3239 -71.6555 -23.9701 -73.3462 -1.4457 20.6679 -4.76113
26400000 -58.9012 -73.6464 -26.6001 -76.4573 -1.22077 21.5809 -3.32912
26600000 -58.2486 -72.7874 -27.9781 -73.9802 -1.9798 20.561 -4.16422
26800000 -55.7662 -70.9375 -24.8041 -71.5571 -1.71531 18.3357 -1.05026
27000000 -56.9133 -70.9108 -27 -72.8291 -0.782877 19.8447 -3.2505
27200000 -57.28 -73.1923 -26.6022 -72.0454 0.682493 19.8452 -3.81283
27400000 -56.3248 -71.478 -24.9846 -72.5118 0.243718 22.4283 -2.06733
27600000 -55.9067 -69.5885 -24.8169 -73.3146 -0.716545 24.059 -2.80262
27800000 -55.6678 -69.6589 -25.1129 -72.2316 -1.24488 20.8871 -5.26969
28000000 -56.4326 -70.5801 -25.7461 -72.9716 -0.895742 19.4325 -5.76339
28200000 -55.3832 -68.6886 -25.2603 -72.2007 -0.05745 18.5967 -8.21454
28400000 -55.147 -70.3777 -23.6709 -71.3925 -0.951504 17.2301 -6.43902
28600000 -53.969 -68.7315 -24.4153 -68.7603 -1.04274 16.2907 -4.88223
28800000 -54.0121 -68.7825 -23.9263 -69.3276 -2.99966 17.3324 -7.15318
29000000 -52.9956 -68.1989 -22.7842 -68.0038 -2.00726 15.6706 -7.08948
29200000 -56.1136 -71.0618 -25.8953 -71.3836 -1.27022 16.3724 -5.69305
29400000 -56.4629 -71.1613 -26.6863 -71.5411 -1.44594 14.969 -4.98514
29600000 -55.945 -70.629 -27.6116 -69.5943 -0.298047 16.6241 -2.4179
29800000 -57.3505 -71.0211 -25.0348 -75.9957 -0.631009 17.4335 -1.05208
30000000 -55.3391 -68.1877 -21.9628 -75.8667 -2.05873 14.99 0.17022
30200000 -54.4791 -68.7 -21.5082 -73.229 -2.76706 15.8838 0.444069
30400000 -56.2756 -69.5006 -22.0174 -77.3088 -3.73807 15.6351 0.00126665
30600000 -59.4234 -71.797 -24.0399 -82.4334 -2.48885 16.1518 2.33058
30800000 -56.5623 -68.9855 -22.2135 -78.488 -1.87028 16.4305 1.86931
31000000 -57.7204 -70.4379 -21.2503 -81.4731 -2.44337 15.8887 1.48374
31200000 -57.9312 -71.7296 -20.2455 -81.8184 -2.98282 18.2701 -0.564233
31400000 -57.9687 -71.2431 -21.6778 -80.9852 -3.47651 13.7315 0.71695
31600000 -60.3826 -73.6041 -24.3173 -83.2263 -2.32586 15.533 -1.26374
31800000 -57.9415 -70.9304 -23.3096 -79.5847 -3.10441 11.6912 -3.33276
32000000 -56.4383 -68.1044 -22.1342 -79.0762 -2.81357 9.14863 -3.77366
32200000 -57.847 -69.5948 -23.6058 -80.3404 -2.47968 11.3543 -2.83169
32400000 -58.7618 -70.2784 -25.0615 -80.9454 -2.29804 13.7645 -5.79626
32600000 -59.2523 -72.387 -24.1647 -81.2053 -2.9964 16.8427 -2.81834
32800000 -60.816 -73.8422 -25.4707 -83.135 -3.3491 17.9248 -4.34218
33000000 -59.8389 -73.6634 -25.1952 -80.6581 -3.72089 16.5732 -4.82346
33200000 -57.2744 -71.2595 -22.0549 -78.5087 -3.25508 13.8045 -1.90796
33400000 -58.3334 -71.0715 -25.1579 -78.7708 -4.20317 15.1422 -2.87417
33600000 -55.0921 -69.9649 -21.8822 -73.4291 -5.04435 12.0901 -1.54527
33800000 -57.9028 -70.6804 -23.5295 -79.4985 -3.35183 15.689 -0.982999
34000000 -58.7112 -71.8316 -23.4159 -80.8862 -3.6923 16.7946 -3.52499
34200000 -59.1172 -73.2678 -23.6759 -80.4079 -3.59043 17.0241 -3.50816
34400000 -58.0877 -70.1393 -23.8912 -80.2325 -2.89228 14.6841 -5.54024
34600000 -58.6422 -72.1077 -23.8307 -79.9882 -3.24035 17.9787 -6.13093
34800000 -59.5317 -71.4583 -25.1908 -81.9459 -2.04907 17.3263 -7.1776
35000000 -59.0288 -70.7926 -26.7792 -79.5146 -2.93319 17.3339 -8.16753
35200000 -57.3593 -71.2946 -23.3799 -77.4035 -2.578 15.5799 -3.51284
35400000 -61.4649 -77.4601 -28.1458 -78.7887 -2.14353 19.6059 -3.04779
35600000 -62.5701 -76.2471 -27.1116 -84.3516 -2.83397 22.7998 -3.94858
35800000 -59.8191 -75.1187 -22.2166 -82.1222 -3.10752 20.4386 -3.21371
36000000 -61.5296 -75.6523 -25.2688 -83.6677 -3.65457 21.084 -4.86582
36200000 -61.1538 -74.8417 -26.8343 -81.7854 -3.47942 19.7158 -7.73279
36400000 -62.7647 -76.7025 -27.7124 -83.8793 -3.88394 20.468 -6.15866
36600000 -59.5749 -72.292 -27.3982 -79.0345 -2.45353 19.5289 -6.50217
36800000 -60.2021 -74.0025 -27.4332 -79.1707 -0.967734 19.8504 -4.82001
37000000 -59.5473 -73.2276 -28.4276 -76.9866 -0.77661 18.0239 -4.83174
37200000 -59.4998 -74.0098 -26.6694 -77.8203 -0.260105 17.6908 -5.64634
37400000 -62.4532 -76.1215 -27.9314 -83.3066 0.180152 20.3657 -5.24119
37600000 -64.5005 -76.539 -29.2993 -87.6631 -0.375208 22.3429 -5.10244
37800000 -61.934 -74.1021 -27.5329 -84.167 0.224186 18.0179 -2.47551
38000000 -62.3641 -75.0707 -28.3686 -83.6529 -2.05388 19.4704 -3.8192
38200000 -62.6328 -75.4281 -28.2112 -84.2589 -0.924072 19.7707 -5.50317
38400000 -61.8509 -75.5571 -26.6405 -83.355 -1.83373 19.662 -7.15441
38600000 -62.5177 -76.951 -27.0469 -83.5552 -3.01661 19.8107 -4.78576
38800000 -61.2621 -75.3575 -24.3161 -84.1126 -1.77358 17.6565 -2.90605
39000000 -60.2439 -73.7788 -24.7619 -82.1911 -0.52479 16.9237 -7.39229
39200000 -61.9743 -73.9389 -26.1238 -85.8603 -1.23764 16.2631 -7.04159
39400000 -57.9561 -70.8932 -22.7273 -80.2479 -1.67982 15.2511 -6.25773
39600000 -57.8785 -72.6357 -24.9267 -76.0731 -2.53764 13.7093 -7.55866
39800000 -59.1926 -72.0757 -25.6046 -79.8977 -1.99073 15.6474 -6.85855
40000000 -58.8458 -74.7899 -24.9597 -76.7879 -2.59004 15.1637 -5.38854
40200000 -59.4282 -76.4499 -24.1577 -77.6771 -3.36674 15.5175 -6.9013
40400000 -59.4568 -74.3371 -25.5412 -78.4923 -3.53227 14.4469 -8.71203
40600000 -58.7778 -74.4065 -22.4449 -79.482 -2.74293 13.4091 -8.20642
40800000 -58.2515 -72.3517 -23.9323 -78.4704 -3.04383 9.99826 -6.28972
41000000 -62.7208 -75.2068 -27.8404 -85.1152 -2.6263 17.5367 -6.16027
41200000 -60.0141 -73.7912 -23.9555 -82.2957 -2.98752 15.3442 -7.2559
41400000 -62.3361 -76.0172 -26.2493 -84.7419 -2.9733 17.0499 -3.96771
41600000 -60.9583 -76.1477 -26.0389 -80.6884 -2.86419 14.3062 -3.63195
41800000 -60.0623 -75.4412 -22.9619 -81.7837 -2.07118 14.5206 -5.1503
42000000 -60.2413 -75.9189 -24.8436 -79.9613 -1.62106 13.7616 -9.18592
42200000 -63.9073 -79.8858 -26.8158 -85.0204 -0.782687 19.1302 -5.15218
42400000 -62.3904 -77.8532 -25.316 -84.0019 -2.32862 16.8056 -8.20434
42600000 -61.5177 -76.8155 -23.5625 -84.175 -2.71815 17.2295 -8.78059
42800000 -60.6967 -75.5289 -24.8773 -81.6839 -2.40245 15.533 -5.90807
43000000 -63.1131 -76.8404 -27.2326 -85.2663 -2.43891 18.6897 -7.32642
43200000 -62.5847 -76.2614 -26.3445 -85.1482 -1.88692 19.1642 -8.59234
43400000 -64.4859 -77.8519 -26.6217 -88.9842 -2.4213 20.7911 -7.3321
43600000 -67.0758 -81.2466 -29.5139 -90.4668 -0.272578 20.2797 -6.4561
43800000 -62.2078 -74.6481 -25.3001 -86.6753 -0.932821 15.6943 -7.29045
44000000 -62.0476 -73.8732 -28.5013 -83.7684 -1.29997 14.0285 -5.91974
44200000 -60.8112 -74.2171 -26.1735 -82.0429 -0.968492 16.2824 -2.11989
44400000 -63.825 -77.7859 -29.132 -84.557 -1.1838 17.495 -4.2497
44600000 -62.4931 -77.3508 -27.6178 -82.5107 -1.93852 19.2667 -3.07769
44800000 -64.4328 -79.9194 -27.4491 -85.93 -2.87973 21.627 -4.91476
45000000 -63.386 -77.1044 -25.9445 -87.1092 -1.12234 18.5229 -5.31106
45200000 -62.93 -74.8172 -27.8663 -86.1066 -1.32687 14.7646 -6.21657
45400000 -63.2895 -75.856 -26.4734 -87.5391 -2.27151 15.2177 -4.22651
45600000 -62.1522 -74.6371 -26.4138 -85.4056 -2.03786 11.9196 -4.99115
45800000 -61.3342 -75.1944 -27.0156 -81.7925 -1.50547 12.2621 -5.15787
46000000 -61.5783 -73.1244 -25.867 -85.7436 -1.45113 14.6681 -9.01629
46200000 -64.6074 -76.0729 -26.4629 -91.2863 -0.838136 18.7225 -7.88268
46400000 -64.9167 -76.9672 -27.2725 -90.5105 -1.58619 20.0556 -6.76631
46600000 -64.182 -75.828 -26.9374 -89.7805 -0.748607 17.872 -8.54679
46800000 -67.2825 -79.7351 -30.0833 -92.0291 -0.393186 20.7142 -7.88284
47000000 -66.0711 -78.987 -27.4881 -91.7382 0.563831 16.5114 -6.84476
47200000 -64.3652 -76.3136 -26.6929 -90.089 -0.72861 14.9254 -5.29697
47400000 -63.4277 -77.5204 -26.2464 -86.5164 -0.625937 14.0787 -5.34026
47600000 -63.5496 -76.6826 -26.8382 -87.1279 -0.287152 14.1813 -5.22418
47800000 -64.2694 -77.0891 -26.7355 -88.9837 -0.160265 14.0541 -4.46596
48000000 -61.3071 -73.2808 -26.1142 -84.5263 -0.695278 10.1303 -3.8008
48200000 -64.2471 -75.5534 -28.8385 -88.3494 -0.574967 11.8907 -6.07204
48400000 -64.3464 -76.6091 -29.5224 -86.9077 -0.925024 14.3299 -4.79989
48600000 -65.874 -77.3388 -31.5619 -88.7212 -0.833095 15.912 -3.95144
48800000 -62.9254 -74.3675 -31.0428 -83.3659 -1.65505 13.9165 -5.76999
49000000 -61.1846 -74.89 -29.0918 -79.5722 -0.55739 13.2256 -5.65556
49200000 -64.9974 -79.7551 -30.2129 -85.0241 -0.216936 18.0132 -4.61292
49400000 -65.4643 -80.1408 -30.2968 -85.9554 -0.423822 17.134 -5.86169
49600000 -66.4882 -79.4717 -31.2754 -88.7175 -0.072116 15.1834 -6.74463
49800000 -63.3605 -77.8039 -29.5717 -82.7061 -0.803291 14.6669 -5.6434
50000000 -62.6901 -77.5263 -28.6563 -81.8877 -0.845148 12.1618 -5.25493
50200000 -64.7464 -79.2419 -31.5436 -83.4537 -0.203117 14.0776 -4.44613
50400000 -62.4228 -75.2425 -26.1708 -85.855 -2.20043 14.1263 -8.09898
50600000 -65.1803 -78.5821 -30.8179 -86.1409 -2.67795 14.2012 -8.36583
50800000 -62.2152 -74.4255 -29.7881 -82.4321 -0.886813 12.8073 -4.07976
51000000 -64.1733 -75.7495 -31.5412 -85.2291 -0.697984 12.4609 -4.13573
51200000 -64.7993 -76.8532 -31.9191 -85.6256 -0.191803 13.849 -6.03825
51400000 -66.2649 -78.7033 -32.0537 -88.0376 -0.246415 16.3844 -8.11138
51600000 -67.2435 -79.6789 -32.8536 -89.1978 -0.830583 20.0389 -8.38095
51800000 -68.6012 -81.3764 -33.6354 -90.7918 -1.92935 19.7671 -7.20108
52000000 -67.3165 -80.4352 -31.6728 -89.8416 -1.12788 17.6693 -6.0147
52200000 -67.3232 -78.9566 -31.9541 -91.0589 -0.827334 17.8433 -6.85638
52400000 -70.0275 -82.7239 -34.6993 -92.6595 -0.892223 20.8962 -3.67506
52600000 -70.2382 -83.8715 -34.1795 -92.6635 0.413003 21.1239 -4.74346
52800000 -70.4147 -82.9604 -34.4939 -93.7898 0.513863 23.4367 -2.72414
53000000 -66.5079 -79.0071 -33.9937 -86.5229 -0.70197 15.4235 -1.51993
53200000 -66.6523 -80.4538 -32.1434 -87.3596 0.45891 17.4333 -2.54328
53400000 -65.9038 -80.5804 -33.6804 -83.4506 0.622112 13.3954 -3.8409
53600000 -66.3452 -80.4624 -32.0814 -86.4918 0.103706 15.9313 -1.6158
53800000 -65.5389 -80.2898 -31.7863 -84.5405 0.698452 15.114 -1.81144
54000000 -67.2529 -81.7613 -33.5613 -86.436 0.416172 14.7181 -1.33805
54200000 -67.4735 -81.4747 -32.8912 -88.0546 0.894027 16.1847 0.775219
54400000 -65.7235 -80.8171 -31.5967 -84.7567 1.58346 17.7597 -2.1871
54600000 -68.2557 -82.6563 -33.2269 -88.8837 0.643634 16.7759 -0.694403
54800000 -67.9861 -81.7346 -31.962 -90.2617 0.0612914 16.1935 -2.90731
55000000 -66.5015 -78.8607 -32.12 -88.5238 -1.07567 14.821 -7.50344
55200000 -67.9474 -81.6816 -33.1574 -89.0032 -1.0556 15.9942 -6.62328
55400000 -66.7279 -79.9372 -33.2634 -86.9831 0.292446 13.9281 -6.9218
55600000 -67.5734 -80.0841 -32.7646 -89.8713 0.00407968 15.1356 -3.33571
55800000 -67.6854 -80.4603 -31.9847 -90.6112 0.843915 16.2926 -5.5931
56000000 -67.2105 -80.8793 -33.7214 -87.0306 0.0376216 15.7615 -7.64786
56200000 -65.7752 -78.3688 -29.1605 -89.7964 -1.4799 14.5551 -4.80242
56400000 -64.9506 -77.5687 -30.3002 -86.9829 0.189308 11.9701 -5.12297
56600000 -63.8183 -76.1805 -29.2745 -85.9999 -0.852636 13.4688 -5.35091
56800000 -64.5453 -76.9853 -31.2363 -85.4142 -0.649708 11.5923 -4.85043
57000000 -65.2346 -75.8118 -32.71 -87.1821 -0.0446005 11.8268 -5.01843
57200000 -66.8379 -78.3401 -32.658 -89.5157 -1.41018 13.7291 -5.14159
57400000 -65.8435 -78.0468 -31.3017 -88.1821 -0.522797 13.077 -5.84808
57600000 -64.1635 -74.808 -30.0103 -87.6721 -0.793874 12.3933 -5.3459
57800000 -65.26 -78.3045 -31.1648 -86.3107 -2.18191 11.6583 -6.91162
58000000 -65.6181 -78.3364 -31.7418 -86.7762 -2.51483 12.4008 -3.85819
58200000 -67.3507 -79.2502 -34.3147 -88.4871 -1.22089 13.593 -5.49674
58400000 -67.652 -80.619 -34.2562 -88.0807 -2.53291 14.2605 -6.93959
58600000 -67.2163 -79.6753 -33.7334 -88.2402 -3.68417 13.4606 -8.15047
58800000 -67.448 -79.4181 -34.1081 -88.8179 -2.1404 16.2932 -8.28503
59000000 -66.7843 -79.8289 -33.9069 -86.6172 -2.29491 12.7536 -9.92923
59200000 -68.8684 -81.76 -34.5723 -90.273 -1.98706 18.0509 -8.55004
59400000 -69.8254 -83.2594 -36.344 -89.8729 -1.2196 18.8967 -9.01812
59600000 -67.4008 -80.1191 -35.4159 -86.6674 -1.6825 15.4826 -6.99313
59800000 -68.5668 -84.0233 -34.8709 -86.8061 -0.623274 14.5025 -7.70081
60000000 -67.4039 -80.4783 -31.8054 -89.9279 0.0866769 14.951 -7.89991
