# Time-averaged data for fix 3
# TimeStep c_st[0] c_st[1] c_st[2] c_st[3] c_st[4] c_st[5] c_st[6]
500 -66.4142 -43.213 -178.326 22.2967 -0.732447 -116.413 2.48313
1000 -1.45149 -5.46889 -10.1029 11.2174 -2.59915 -69.7708 -0.0901089
1500 -0.594517 -2.30403 -3.13767 3.65815 -1.38711 -59.2011 -3.1993
2000 -0.137918 2.89756 0.375945 -3.68726 -5.58203 -17.7433 -7.25587
2500 0.692854 0.769304 3.57714 -2.26788 -8.32666 38.3984 -4.39074
3000 1.09208 2.09955 0.607409 0.569292 7.29807 48.5123 -0.865913
3500 0.861927 1.40865 -1.05659 2.23372 6.2862 34.4163 -4.06373
4000 1.01328 1.17169 1.44277 0.425382 0.709537 1.86761 -1.10735
4500 1.61192 1.8828 0.887865 2.06511 4.33375 -17.9646 0.0640197
5000 1.16122 -0.191502 2.53183 1.14332 -4.07897 -32.9738 5.53902
5500 0.0462433 0.545123 -0.100755 -0.305638 -3.48002 -30.9228 7.64352
6000 1.72481 2.46053 1.32117 1.39274 0.929944 -20.2454 5.40395
6500 0.687348 1.24696 -0.00361229 0.818697 1.99053 -10.5895 3.81623
7000 1.05962 1.00774 2.75495 -0.583819 -3.30882 -1.87336 2.66091
7500 0.506303 -0.179094 -0.701614 2.39962 -3.91308 6.29812 6.94457
8000 1.00008 1.32519 1.35239 0.322678 -2.33636 4.96347 -1.00556
8500 1.62838 1.19881 2.68612 1.00019 -4.8074 -4.44549 -3.12337
9000 0.846222 0.0569732 0.622555 1.85914 -5.13773 -14.1212 -2.09597
9500 0.971174 1.81989 0.213771 0.879866 1.84231 -22.2189 0.248582
10000 1.01088 1.46688 -0.156519 1.72227 -0.57894 -25.4475 -2.15628
10500 0.735637 1.58298 1.18937 -0.565437 1.31559 -10.1053 -0.695709
11000 1.68303 1.13828 3.96103 -0.0502322 2.01087 -3.04859 -3.21852
11500 0.41915 -0.924111 -0.198577 2.38014 -1.90198 -1.00732 -6.07435
12000 0.747867 1.59523 1.33738 -0.689005 -9.11524 -0.513073 -5.23638
12500 1.02949 1.57646 -0.0870746 1.5991 -9.12749 3.66398 -1.04798
13000 1.71271 2.85117 2.9523 -0.66534 -1.19756 4.04572 -5.20551
13500 1.16743 0.284097 0.0601279 3.15806 0.234721 -5.20602 -7.71998
14000 0.562931 0.979019 -0.292685 1.00246 0.607493 -10.3948 -3.82358
14500 0.618074 1.71508 0.199666 -0.0605213 -8.74757 -5.19413 -7.6637
15000 1.28798 0.869108 1.80643 1.1884 -5.52234 -0.492543 -1.89104
15500 0.261816 -0.200128 1.43378 -0.448208 -5.68838 -8.12575 1.24698
16000 1.81669 2.51341 1.1088 1.82786 -0.892913 -10.8753 3.27579
16500 0.0684171 -0.459049 0.680411 -0.0161107 -1.76971 -8.08566 1.71797
17000 2.21041 1.05652 2.90432 2.67039 4.07945 2.88166 7.79115
17500 -0.453701 0.321611 -1.93656 0.253842 -5.23997 -4.68176 7.12187
18000 1.83853 2.78679 2.48584 0.242955 -5.99276 -1.89934 3.56407
18500 1.25933 0.466128 1.51723 1.79463 2.34184 10.6786 6.60852
19000 0.844448 1.87545 -0.504177 1.16207 -0.835193 -4.68117 4.13391
19500 1.27178 1.43047 2.01418 0.370693 -5.74136 -13.4557 4.84749
20000 0.372261 -1.23883 0.866812 1.4888 1.86564 -4.35537 3.42258
20500 1.25316 1.55337 0.484262 1.72183 2.3448 -8.71048 0.812023
21000 1.42224 0.889397 2.11758 1.25974 0.275175 -7.00601 4.4888
21500 1.21406 1.5925 0.991115 1.05857 1.51862 -2.22922 -1.29345
22000 -0.041959 0.186496 0.255552 -0.567925 0.490496 8.40352 -7.56226
22500 0.988655 0.852904 0.828368 1.28469 -5.24961 18.3656 -2.96944
23000 1.38863 1.02608 1.89877 1.24104 -5.01879 11.7859 -5.42759
23500 1.40928 1.20178 0.766205 2.25985 -3.69334 12.9892 0.225943
24000 1.54888 1.37693 1.6868 1.58292 -1.49027 7.79354 2.99294
24500 0.386526 0.433156 0.662773 0.0636486 -0.811531 3.29312 -2.07296
25000 1.15655 1.7638 0.472936 1.23293 3.06715 -2.00275 -4.2978
25500 0.54897 -0.543598 1.42517 0.765336 -1.92495 -6.03808 -1.76239
26000 1.84844 2.3181 2.19354 1.03369 1.82123 -6.9647 -1.74422
26500 -0.63637 -0.111187 -1.12706 -0.670858 5.09341 5.13829 0.64407
27000 1.97545 1.9553 1.24406 2.72698 8.7195 -1.1601 1.64668
27500 0.175819 -0.61896 1.36858 -0.22216 0.996966 -5.1758 -0.018328
28000 2.17981 2.42784 2.96539 1.1462 -0.835784 3.72466 5.38591
28500 0.864023 0.936855 -0.0391686 1.69438 -2.42742 3.47408 3.18252
29000 1.37796 0.76252 2.18196 1.18941 3.52023 -7.16665 -0.134474
29500 0.24252 -0.566875 0.769313 0.525122 -0.153251 2.94924 -1.10161
30000 1.02876 1.60574 0.687715 0.792825 0.240123 7.69834 1.42208
30500 1.35832 2.1935 -0.00938827 1.89086 0.692029 -8.08782 1.32874
31000 0.227745 0.411802 0.609534 -0.338102 -0.00788651 -5.24825 2.48438
31500 1.99873 1.21864 2.33768 2.43986 0.664112 -0.782775 -3.21587
32000 0.394903 0.942741 0.480373 -0.238405 -1.52336 -3.00807 -4.60812
32500 1.21517 0.661303 0.935104 2.04911 -2.11652 2.66428 -7.27042
33000 -0.0497247 0.880654 -0.256462 -0.773366 -3.29193 5.51556 -4.67855
33500 1.60971 0.571667 1.27952 2.97793 0.537993 -4.33141 -3.04491
34000 1.55191 2.49513 1.23524 0.925367 4.45393 -6.41935 4.19374
34500 0.610399 -0.158702 0.024464 1.96543 1.69076 -7.81259 1.94883
35000 0.871111 -0.0606182 2.51743 0.156523 2.33587 -8.55596 0.626032
35500 0.409474 0.818995 -1.1686 1.57803 2.61953 -4.94259 6.52995
36000 1.73797 1.46099 4.36479 -0.611873 2.89946 -5.15034 0.60279
36500 0.562005 1.27278 -1.37242 1.78566 -2.25369 -8.7374 3.95849
37000 1.02789 0.495502 2.67733 -0.0891659 -3.35082 6.82451 3.3846
37500 1.24947 1.37898 -0.100408 2.46985 -0.0920369 -10.2494 2.14507
38000 1.71246 2.64659 1.56791 0.922876 3.39046 -7.80343 -3.15935
38500 0.178058 0.0172545 0.103413 0.413506 7.34895 -3.54368 -4.30552
39000 1.0024 1.08685 0.622966 1.2974 3.10265 -7.74141 -2.55441
39500 0.986799 0.326898 1.65009 0.983406 -0.322872 -3.52989 -4.56706
40000 -0.0506038 0.804346 -0.756982 -0.199175 0.382176 -7.80791 -4.11535
40500 1.84935 1.29319 2.45306 1.8018 -1.23747 0.9611 -3.58295
41000 1.29155 1.68589 1.32975 0.859015 0.921365 -9.75596 -0.528675
41500 1.3164 -0.360563 2.63134 1.67842 -0.492936 -5.06304 1.68196
42000 0.72711 3.1644 -1.45611 0.473044 -1.98698 -5.60106 -6.95557
42500 0.773669 0.372108 1.04833 0.900566 3.30414 -15.1368 -5.38031
43000 1.56381 1.18255 2.02493 1.48393 1.54111 -3.23574 -4.51157
43500 0.312862 -0.50698 1.01848 0.427086 3.84933 -2.52297 -9.5001
44000 0.89637 1.38876 -0.130738 1.43108 8.29381 -0.955163 -7.43767
44500 1.48416 2.27457 1.85445 0.323468 -1.58492 10.496 -5.65275
45000 0.657429 0.430009 1.78858 -0.246305 2.41945 1.91467 -4.52306
45500 1.6152 2.22307 -0.36141 2.98394 3.06529 3.28207 0.820424
46000 0.719507 0.0589481 0.230883 1.86869 2.84264 -9.2362 2.28838
46500 1.29453 0.671598 2.01169 1.2003 5.43698 -19.7511 1.37326
47000 0.687413 1.14337 0.14746 0.771413 5.29453 -7.72493 -1.40617
47500 1.04575 1.40772 1.66459 0.0649422 2.72846 -19.1003 5.92949
48000 0.83875 1.01029 -0.370021 1.87598 4.31986 -23.1936 -1.72085
48500 1.29828 0.763624 2.29389 0.837318 -2.0316 -10.699 1.16575
49000 0.460863 1.49312 0.384101 -0.494634 -4.99742 -3.76213 -5.47165
49500 1.07836 0.361191 1.7501 1.12379 -2.0498 -2.53037 -7.40155
50000 1.38816 1.61488 1.04222 1.50738 -0.469856 -2.09545 -3.4032
50500 0.70199 -0.152008 0.725871 1.53211 -3.77424 -11.8305 -7.70445
51000 0.743576 0.547927 1.06455 0.618253 -2.04439 -19.5001 -1.05535
51500 1.57429 2.22774 0.515989 1.97913 2.04301 -25.4483 2.93767
52000 0.541767 0.563583 0.85551 0.206208 -2.11725 -22.0581 -0.580748
52500 1.15991 1.23644 0.663968 1.57931 -0.528957 -19.7497 2.40773
53000 1.03172 0.99124 1.67146 0.432473 1.71978 -11.3646 -5.06459
53500 0.791788 1.82108 -0.313779 0.868067 -1.68215 -2.10568 -2.33721
54000 1.51566 -0.499399 3.02996 2.01643 0.343848 -7.07756 2.04632
54500 0.873339 2.08802 0.441544 0.0904565 3.00713 -9.96466 -6.03369
55000 1.43996 1.76732 2.29472 0.25782 -0.795558 -10.7423 -5.80674
55500 0.32221 -0.69181 0.00629646 1.65214 2.56665 -22.6635 -6.29453
56000 1.63823 1.37203 1.84262 1.70003 -1.27015 -13.8152 -8.36878
56500 0.776342 0.0180722 0.788505 1.52245 -6.08016 -18.6486 -4.14789
57000 0.63728 1.45168 0.720478 -0.260318 -1.54637 -8.9498 -6.04029
57500 0.736428 1.2475 1.06348 -0.101688 -1.20936 2.88002 -4.64112
58000 1.00348 1.55654 -0.304438 1.75833 -3.1612 -2.43997 -5.08017
58500 1.20631 0.390979 2.35554 0.8724 0.853683 -6.22767 -4.96992
59000 1.82745 1.64993 0.952729 2.87969 -5.602 -15.3247 -9.45548
59500 0.516804 1.32169 0.901532 -0.672811 -0.246927 -12.5189 -2.55693
60000 1.04853 1.31938 0.741361 1.08486 -2.77761 -10.7701 -1.17152
60500 0.969918 -1.29156 1.34188 2.85943 -3.03056 -19.7303 -1.32479
61000 -0.0320253 0.958355 -0.50186 -0.552571 -6.77211 -11.4454 0.229965
61500 2.94889 2.93827 3.19976 2.70862 1.25347 -19.1264 -4.25915
62000 -0.902116 -0.667719 -0.16901 -1.86962 -4.65654 -2.33747 -6.71108
62500 2.11557 2.86227 1.66972 1.81473 0.759192 1.3657 -5.03942
63000 0.712842 0.810919 0.30853 1.01908 -1.09997 -16.2049 -2.65146
63500 1.22897 0.432612 1.68013 1.57417 0.590957 -13.9967 -4.52164
64000 0.695903 2.22693 -0.525206 0.385981 -2.15737 -4.41357 -3.70443
64500 0.80433 -0.430343 2.48882 0.354517 -0.26348 -2.33605 -7.94419
65000 1.43481 1.89263 0.096558 2.31523 1.26075 -21.5388 -9.50015
65500 1.56351 1.47485 3.27564 -0.0599629 1.79708 -6.40139 -4.70279
66000 0.839737 -0.215402 -0.288393 3.02301 1.03944 4.69245 2.30403
66500 0.128637 -0.0262391 -0.82054 1.23269 6.00058 9.24637 4.53984
67000 1.34048 0.736506 3.63696 -0.352026 0.884998 -8.91939 0.381347
67500 0.792276 2.06948 -0.509106 0.816451 3.26749 2.30657 -0.421166
68000 1.36963 1.17431 0.695448 2.23913 -1.86071 -8.15438 -3.25396
68500 0.732896 0.161478 2.21024 -0.173034 6.17248 -6.23328 0.669822
69000 1.90256 3.06963 0.631304 2.00673 2.3082 -3.20767 -4.41789
69500 0.317535 -0.656538 1.02795 0.581197 4.81874 0.934669 2.87975
70000 0.281991 0.77685 0.493192 -0.424069 -0.981628 -5.35767 2.25635
70500 1.71306 1.87711 2.4046 0.857461 -3.41275 12.4595 -0.229286
71000 0.819685 -0.289944 0.0786425 2.67036 -6.53038 3.51208 -1.4722
71500 0.488273 0.304905 0.340943 0.818972 -1.63222 -15.5835 2.49341
72000 1.60147 1.44283 2.22212 1.13946 6.18941 -9.07045 3.73827
72500 1.0318 2.1499 1.15314 -0.207638 -1.75185 -12.8805 -0.0899681
73000 0.731173 -0.0733079 0.43639 1.83044 -0.438909 -4.58875 -0.590213
73500 1.55475 1.72931 0.460207 2.47474 -2.57252 0.588247 4.8523
74000 1.25833 1.11302 2.08 0.581973 -2.11468 -6.05992 -1.42308
74500 1.013 0.529704 2.66095 -0.151657 4.85592 -2.79423 2.00041
75000 -0.627256 0.333949 -2.92542 0.709708 0.628464 -2.66124 -0.196942
75500 1.99662 1.61112 3.26582 1.11292 0.871608 -2.94023 1.56987
76000 0.821703 -0.213623 0.789971 1.88876 2.74307 -14.1537 5.06973
76500 2.50782 3.14012 1.77263 2.61072 -2.27372 -3.88655 1.32714
77000 -0.133681 0.17589 -0.149524 -0.427409 -0.177033 -1.72188 2.08258
77500 0.800075 1.38708 0.162318 0.850831 1.32881 -1.97139 2.32816
78000 1.38323 0.195485 2.4362 1.51799 -3.81716 9.1552 -1.48422
78500 1.55095 1.37827 1.79699 1.47759 2.30154 -1.97537 5.71787
79000 0.214132 1.2663 -0.641589 0.017685 -0.42037 -1.23927 1.95163
79500 1.6743 1.50799 1.87039 1.64452 -1.52713 6.14754 -3.34887
80000 -0.12204 -0.732077 0.581887 -0.215929 -0.110009 4.50046 5.8952
80500 1.95158 2.218 1.72811 1.90864 -1.63492 3.97689 2.42433
81000 -0.101979 0.0407788 -0.125374 -0.22134 1.04106 6.14972 5.91422
81500 1.54177 0.283491 3.08814 1.25367 2.01073 10.1521 4.67112
82000 1.43129 3.38398 -0.558917 1.46881 1.67616 1.58108 10.6818
82500 0.0829348 -0.684913 0.761571 0.172146 -1.68811 8.65884 6.16605
83000 1.3867 0.960785 1.88909 1.31021 3.15376 5.12723 8.33361
83500 1.42315 1.97027 0.91043 1.38873 -2.45137 2.73329 6.58903
84000 0.0309877 0.0759677 0.05891 -0.0419146 2.20654 -5.55354 3.66658
84500 1.60716 1.51663 1.24326 2.0616 0.44518 0.207329 4.76363
85000 1.59503 1.17568 1.65628 1.95313 -3.22467 4.87519 -0.786164
85500 0.751935 1.13081 0.173808 0.951189 2.2292 -3.77757 1.19624
86000 1.36971 2.26543 2.02738 -0.18369 -2.57491 0.710196 7.08409
86500 -0.0927046 0.160831 -0.198339 -0.240606 0.705195 13.885 5.79302
87000 1.14437 -0.198144 0.622516 3.00874 -3.56946 7.05339 9.42315
87500 1.22735 1.31575 2.25828 0.108028 0.719401 15.3286 14.4758
88000 0.809212 0.653046 0.750117 1.02447 4.29517 2.57162 13.4549
88500 1.65278 0.537653 0.658088 3.76259 3.28452 3.15689 8.92197
89000 0.850239 2.05268 0.691966 -0.193932 0.511663 -7.12356 10.1257
89500 1.00629 0.00666477 2.91307 0.0991432 3.43597 -7.0641 8.42354
90000 0.455563 1.50591 -0.936409 0.797192 -2.08438 -10.5201 2.40912
90500 1.93883 1.94348 2.75801 1.11501 -6.01843 -2.9325 2.8895
91000 -0.478743 0.0339616 -0.696261 -0.773929 1.77491 7.99577 -3.35655
91500 1.96303 2.53881 1.00338 2.3469 -6.73502 15.9615 -2.82428
92000 0.462166 -0.323447 1.91729 -0.207343 -3.57587 21.0861 -1.81421
92500 1.9905 1.19982 1.36825 3.40344 -2.70183 11.8539 -5.19393
93000 0.648578 0.99827 0.424978 0.522487 -6.01451 9.15399 -5.10294
93500 0.665495 0.698295 0.884664 0.413525 -5.54222 -0.929712 -4.29381
94000 2.13632 2.70037 2.21883 1.48975 -1.57431 -3.77292 3.33289
94500 0.325937 0.558036 0.195845 0.22393 0.840529 3.39603 0.623778
95000 0.715841 -0.266884 0.714175 1.70023 0.745378 12.965 5.43321
95500 1.13963 0.62691 2.10574 0.686236 -2.72779 -6.68249 1.91704
96000 0.806254 2.29864 0.8988 -0.778681 -1.97307 3.51728 -5.73212
96500 1.91534 2.35996 0.722326 2.66372 -4.42453 10.7951 -2.48768
97000 0.937054 -0.339409 1.39473 1.75584 0.101759 -2.43986 4.57131
97500 0.441334 0.545508 0.635508 0.142987 -1.47074 1.39948 3.35295
98000 0.770587 1.67719 0.881834 -0.247268 -1.28275 8.01861 0.204132
98500 1.17504 0.933315 0.807606 1.7842 -2.42089 9.86767 -1.77002
99000 1.41569 0.451692 0.891398 2.90397 -7.50279 -11.0338 -0.0602936
99500 0.538456 0.190622 1.27443 0.150317 2.1819 -6.68477 -3.35187
100000 1.32999 2.15003 0.84578 0.994161 0.327434 -10.3443 -0.367904
100500 0.993905 0.886725 1.72483 0.370158 -1.98699 -4.07299 4.11944
101000 0.375523 -0.303897 0.804122 0.626345 -1.66554 6.6184 4.53407
101500 0.999729 0.0138441 0.833187 2.15216 -1.10292 -0.115682 -0.211499
102000 1.0858 2.39323 -1.10837 1.97255 -2.32591 5.32299 1.92181
102500 2.03879 1.81468 3.22385 1.07785 -0.987629 -0.246008 1.97178
103000 -0.107685 0.164914 0.647131 -1.1351 -2.96746 1.36218 -0.0954131
103500 0.742694 1.24099 -0.0838749 1.07097 -5.61599 9.30648 1.12719
104000 1.51101 0.371389 2.74091 1.42074 -4.31792 16.0822 -3.97712
104500 0.73723 0.855478 -0.252221 1.60843 -2.53968 6.39115 -6.64986
105000 1.37739 2.04998 1.82886 0.253312 -1.43194 8.49131 -5.18763
105500 0.603304 -0.243351 1.24109 0.812176 5.36627 11.4649 5.72775
106000 0.978725 2.46776 -0.941122 1.40954 6.91218 -0.13665 8.81405
106500 1.35029 0.25588 2.33083 1.46415 1.13647 9.49285 3.81624
107000 0.198853 0.431297 -0.337432 0.502695 0.416038 -1.88435 10.3478
107500 2.02865 0.836429 3.45888 1.79064 6.30048 4.75792 11.0507
108000 1.36378 1.78518 0.0753094 2.23084 6.25837 -5.04893 10.5219
108500 0.695295 0.0374672 1.26379 0.784625 -3.52402 6.24396 -0.384106
109000 0.383633 0.995995 0.761664 -0.606758 1.06721 8.81314 0.626058
109500 1.41428 1.08596 0.302168 2.85471 -7.48261 5.12425 1.82649
110000 1.32501 0.746113 2.21554 1.01336 1.86189 19.0321 1.93831
110500 0.0616143 1.71783 -1.08001 -0.45297 2.25118 4.82147 4.20901
111000 1.04632 -0.709064 1.3404 2.50761 -2.99461 6.84455 2.56912
111500 0.96045 1.37748 2.22663 -0.722767 -10.0508 11.9346 5.57251
112000 1.28245 1.40859 0.534236 1.90451 -1.41199 2.28452 1.67365
112500 1.0739 1.39602 1.04013 0.785555 -1.9031 4.31055 5.18887
113000 0.992849 1.24835 1.7389 -0.00869993 -3.60271 4.13458 5.68099
113500 1.21227 0.423055 1.09118 2.12259 -1.06041 -2.12196 5.40401
114000 1.03944 0.790826 0.903346 1.42414 -3.65862 3.56439 4.52098
114500 0.544121 0.546277 0.056355 1.02973 -4.64559 -0.171376 1.1838
115000 1.48157 0.936909 1.4135 2.0943 -3.75514 2.62181 3.41667
115500 0.655394 1.04871 1.06619 -0.148718 0.488012 -0.428074 4.92071
116000 0.621065 1.00573 0.113395 0.744067 0.243397 6.218 3.84222
116500 1.09786 1.20755 1.54968 0.536346 -0.414987 9.20924 1.22264
117000 1.47852 1.57441 1.72493 1.13622 -4.03563 -0.62518 1.67596
117500 0.693262 -0.0289672 1.23985 0.868907 0.605587 -3.50064 -2.84091
118000 1.77415 2.009 2.21621 1.09723 0.866514 13.9303 0.412324
118500 0.484946 1.92976 -0.422394 -0.0525336 -0.670016 4.71845 -4.60241
119000 0.807437 0.883837 1.15865 0.379824 -2.80168 18.0887 -0.570004
119500 0.839286 0.0921837 -0.518425 2.9441 -9.04726 4.26321 -4.21071
120000 0.935324 0.576412 1.37075 0.858816 -8.74353 10.6709 0.0423311
120500 1.45619 3.29769 1.36254 -0.291656 -8.84259 6.35452 -6.25384
121000 0.893987 -0.725987 1.64307 1.76488 -2.02838 2.24106 -6.27192
121500 1.41996 2.84438 0.299232 1.11625 -1.16104 6.19504 -2.33783
122000 0.798767 -0.713182 1.29423 1.81526 -3.35864 12.0446 2.51572
122500 1.01488 1.07224 1.79484 0.177567 0.892457 12.4077 5.50512
123000 1.31292 0.75552 0.868181 2.31507 3.03455 20.0074 3.63289
123500 0.753806 2.11068 0.0222987 0.128434 3.32555 14.3298 2.82341
124000 0.560605 -0.121522 1.5488 0.254543 1.95475 13.1218 -0.605503
124500 0.951833 1.38851 0.675633 0.791359 2.83978 11.4334 -3.22771
125000 1.02874 1.13694 0.444606 1.50466 -0.86491 15.4746 -5.03696
125500 1.01581 0.369977 2.33046 0.346986 -3.26217 -1.44978 -6.57357
126000 1.19031 1.8332 0.203737 1.534 -0.616181 6.78222 -4.37781
126500 1.52185 1.42201 1.45938 1.68416 -3.344 8.67254 -5.98904
127000 -0.134637 0.0731987 -0.415009 -0.0621013 0.301449 6.34387 -1.97996
127500 1.71505 1.9958 2.64368 0.505657 -1.86884 13.0135 -6.15271
128000 1.66733 0.380885 1.8582 2.76291 -10.3184 11.438 -4.02185
128500 0.287 0.673745 0.284661 -0.0974052 -4.9965 8.07865 -4.9864
129000 1.3465 1.94376 1.25573 0.840004 -0.452711 11.6481 -3.7852
129500 0.507659 -1.31684 0.727898 2.11192 -3.71697 23.1377 -8.27128
130000 0.859515 0.835198 0.436353 1.30699 3.13196 15.5489 -8.7281
130500 1.23446 2.37897 0.282092 1.0423 -0.0611421 9.267 -1.7086
131000 0.679049 0.635265 0.953369 0.448513 -2.90806 15.6458 -1.0575
131500 2.03054 1.3556 2.81128 1.92475 -2.75131 1.33082 5.56812
132000 0.102865 -0.0395143 0.0169801 0.33113 3.83255 12.5724 7.28106
132500 0.75528 2.36541 0.196101 -0.295667 -2.50763 12.0446 -0.30405
133000 1.8929 1.24556 0.294339 4.1388 -3.87304 0.469545 -1.89843
133500 0.629469 0.506877 3.58863 -2.20709 -2.74096 3.87239 -3.66114
134000 1.25525 1.45368 -0.501272 2.81334 0.223986 -1.02352 4.25139
134500 0.551525 0.293344 1.55866 -0.197428 -1.66291 13.4905 -9.17146
135000 0.847266 -0.0566575 -0.338532 2.93699 2.78413 14.2464 1.46557
135500 1.68448 1.4422 2.04978 1.56146 -4.76487 2.93907 -1.96675
136000 0.0454918 1.85273 0.388069 -2.10432 2.97738 18.3718 -0.389416
136500 1.19469 -0.00153352 2.11193 1.47368 -0.66764 20.1784 0.33971
137000 0.416015 1.11072 -0.87476 1.01209 2.13829 18.0351 -0.451232
137500 1.84311 1.8264 1.94244 1.76048 -5.61684 23.5939 0.439812
138000 0.646077 1.06111 -0.0814436 0.958561 -5.69056 18.6367 -0.404512
138500 1.17449 0.347777 2.50061 0.675096 -2.46587 16.79 1.60096
139000 1.0974 1.13083 0.326098 1.83526 -4.39648 12.0628 1.13736
139500 1.6439 1.23576 1.58271 2.11322 -3.28787 12.907 -0.213351
140000 0.533687 0.81623 1.13429 -0.349456 -5.58192 6.96143 -0.462784
140500 1.44206 0.550874 2.40655 1.36875 -8.68859 7.73526 0.754892
141000 0.647038 0.986196 -0.288648 1.24356 -3.63479 17.908 -1.1721
141500 0.61143 0.102127 0.827423 0.904739 -2.29987 19.0845 -0.148582
142000 0.969867 2.29154 0.427458 0.190602 -0.512173 14.6096 3.16704
142500 0.958547 -0.438281 1.03557 2.27836 -0.816232 -2.20205 2.67811
143000 1.71786 2.39771 1.75016 1.0057 4.23144 3.85466 3.33709
143500 0.518188 0.317075 -0.544422 1.78191 0.257508 -0.325697 -0.0331815
144000 0.811046 0.066066 2.86812 -0.501051 3.61075 4.82152 -1.90649
144500 1.0143 1.20376 1.32933 0.509825 0.6211 3.64919 6.16397
145000 0.879266 0.625952 0.351847 1.66 3.47162 20.7516 -1.74688
145500 1.25293 1.25744 0.825688 1.67566 1.16951 6.13646 -0.778229
146000 1.29541 1.78572 -0.279319 2.37982 2.67219 3.25658 -0.22091
146500 0.62985 0.660709 2.52423 -1.29539 -0.818805 3.03575 -1.00533
147000 0.230735 1.38881 -0.829633 0.133024 -7.33107 10.5866 -8.28861
147500 1.55673 0.837183 1.78524 2.04777 1.4456 8.79424 -5.00009
148000 1.49252 0.904372 1.86615 1.70705 -3.18463 6.08702 -2.39003
148500 0.37513 1.61152 -0.194124 -0.292009 -1.1788 6.36562 -7.11734
149000 1.51507 0.685058 1.72918 2.13096 -4.78622 6.64029 -5.11584
149500 0.826372 1.77901 0.557447 0.142655 -2.08209 13.6765 -1.28985
150000 0.543742 0.190796 0.171258 1.26917 -2.63467 11.9303 -4.30376
150500 1.50462 1.71478 1.88047 0.918615 -1.32035 20.0806 -1.57474
151000 1.03971 1.58842 0.181621 1.3491 -0.20851 17.3728 3.39498
151500 0.635075 -0.154227 1.00759 1.05186 0.474318 5.24416 -6.9563
152000 0.920611 0.329084 2.94875 -0.515996 -1.10642 2.66174 0.580131
152500 2.34976 2.7227 0.677991 3.64857 -4.21706 -1.13027 4.67394
153000 -0.0574042 -0.940725 0.325346 0.443166 -0.823491 0.562286 -0.593903
153500 1.22994 2.11014 1.48383 0.0958512 1.57357 4.21106 -0.98944
154000 0.506285 0.223686 0.27143 1.02374 0.118456 1.03303 -1.1679
154500 1.36833 0.642689 1.735 1.72729 3.83089 8.93279 -2.68278
155000 0.974288 0.768101 1.39276 0.762009 3.9486 11.1475 -4.70547
155500 0.628877 2.3641 5.55856e-05 -0.477525 5.48512 2.84363 -4.49582
156000 1.20766 -0.126246 2.28462 1.46462 5.08843 11.4913 -7.98814
156500 1.36652 0.276681 0.296643 3.52624 -2.00913 5.31428 -8.98786
157000 1.36691 2.11823 1.47398 0.508508 0.0365306 -3.8429 -9.57681
157500 -0.147913 0.30921 0.0413131 -0.794262 3.25601 6.80221 -8.16535
158000 1.94108 2.01703 2.04986 1.75636 2.15281 11.3575 -10.469
158500 1.20999 0.951008 0.967474 1.71149 -0.0843535 9.35904 -8.2503
159000 0.477737 1.03835 0.856118 -0.461259 -0.234561 3.76945 -9.80777
159500 1.16599 0.752918 0.647855 2.09719 0.211625 4.06826 -8.66005
160000 0.958978 0.863369 1.09438 0.919188 -1.40075 8.26771 -6.45143
160500 0.086885 0.556448 0.520774 -0.816566 -1.43315 4.30981 -2.27579
161000 1.79863 2.3161 1.32603 1.75375 0.248481 11.7951 -4.17844
161500 0.955041 0.424475 0.31114 2.12951 -3.0124 3.03551 -3.77984
162000 0.518225 -0.199637 0.950665 0.803646 -0.158744 0.660413 -6.53269
162500 1.15561 1.75473 1.84237 -0.130278 -2.24686 3.74587 -10.2959
163000 1.12947 2.19223 0.782588 0.413603 0.357689 10.6465 -6.72387
163500 1.84943 1.21083 1.41238 2.92509 3.81922 12.1226 -4.61638
164000 0.378244 -1.12596 1.39785 0.862845 1.29795 11.4108 -0.411051
164500 1.4255 2.63534 1.16632 0.474831 4.57306 18.0197 -10.9925
165000 0.42651 0.30385 -0.420846 1.39652 0.788733 2.54965 -10.084
165500 1.24749 1.25774 0.997385 1.48736 -2.25665 -4.06513 -7.0428
166000 0.824761 1.35573 -0.136495 1.25505 5.98679 13.8303 -1.60623
166500 0.273593 -0.465422 1.88946 -0.603262 0.759318 1.99318 -2.2622
167000 1.89515 1.89423 2.32724 1.46399 5.8688 8.12554 4.90977
167500 0.947776 1.86135 -2.04168 3.02366 0.992294 14.4171 -2.75758
168000 1.2491 1.87701 3.40765 -1.53737 0.324542 13.1721 -3.98168
168500 0.478687 1.15997 -0.572463 0.84855 0.478315 13.8472 -1.90068
169000 1.37817 0.796721 1.84539 1.49239 7.57763 28.3804 2.13534
169500 0.21377 -0.594549 0.610586 0.625274 6.50002 15.7314 2.87351
170000 1.037 1.28375 0.243563 1.58369 5.13628 13.4096 2.30805
170500 1.59286 2.27698 2.52477 -0.0231718 2.99304 16.213 -4.21696
171000 0.689012 0.436956 -1.54361 3.17369 5.60915 11.3188 -5.70273
171500 1.72648 1.55178 3.30009 0.327567 4.12473 2.66618 -5.9996
172000 0.675979 0.482318 0.0291562 1.51646 2.85348 3.86571 -0.90318
172500 0.231779 -0.745047 0.443888 0.996496 -1.24813 2.86721 -7.48042
173000 1.61295 2.98974 1.62573 0.223381 -3.40746 -2.14257 -1.39278
173500 1.01375 1.64572 1.38817 0.00735894 1.00051 7.26345 -3.19135
174000 0.420115 -0.82921 1.19192 0.89763 -5.29836 -0.77615 0.655958
174500 1.96988 1.80482 2.38658 1.71823 4.05284 9.99264 -1.10341
175000 0.350226 -0.0407021 0.236814 0.854567 -2.23083 12.4269 0.220783
175500 1.67543 2.60397 0.421724 2.0006 -2.51275 5.82676 -1.17982
176000 0.879814 0.767636 1.23571 0.636099 2.98144 -0.328475 -1.88726
176500 1.22122 1.02467 1.29146 1.34754 1.38069 12.78 -12.9711
177000 0.793731 1.50013 0.429973 0.451088 -2.13442 11.7271 -10.418
177500 0.866146 0.138517 0.623178 1.83674 -1.00658 8.21215 -13.5304
178000 0.782555 0.78007 1.84578 -0.278183 -6.00346 5.00548 -11.8254
178500 0.530221 -0.236862 0.914137 0.913389 1.40264 6.37296 -8.5208
179000 1.55278 1.38434 1.83816 1.43583 1.43024 15.2205 -9.51617
179500 1.25589 1.2012 1.53231 1.03415 1.89772 12.2783 -13.2643
180000 0.552855 0.645405 0.572133 0.441026 5.67637 6.64585 -8.85232
180500 1.4955 1.70178 1.74735 1.03738 -0.0912111 14.8852 -4.90023
181000 0.379737 1.24321 -1.35389 1.24989 0.234681 15.935 -0.72274
181500 0.889297 0.501431 0.831128 1.33533 1.17032 10.319 -1.02579
182000 1.81289 2.18591 1.9484 1.30436 -4.00638 10.0393 -10.846
182500 0.837012 0.367955 1.43494 0.708145 2.3199 3.81023 -7.02173
183000 1.41656 1.89915 0.59728 1.75326 4.75948 0.0725017 -3.64098
183500 0.140024 -0.151534 0.136247 0.435357 -0.0957954 9.85349 -3.83424
184000 1.23794 1.39337 2.03257 0.287879 3.71705 9.93354 2.01004
184500 0.924735 -0.110955 1.15579 1.72937 2.78556 10.3939 3.90577
185000 1.49698 2.35461 0.894689 1.24163 9.5471 8.0908 4.94531
185500 0.344731 0.171698 -0.0389525 0.901448 2.00239 22.3063 3.85114
186000 1.08411 1.74177 1.08223 0.428331 -0.427179 5.02408 4.98714
186500 1.04817 0.755011 1.14701 1.2425 1.03302 10.9997 3.59847
187000 1.62922 2.25692 1.43768 1.19307 -3.97043 1.8931 0.974898
187500 0.779818 0.0679534 1.38227 0.889231 -3.6665 6.81775 1.83415
188000 0.463513 -0.121245 1.25268 0.259108 -1.464 7.4458 -3.14191
188500 0.767158 0.978506 1.47472 -0.151754 -5.66257 10.1754 -6.44705
189000 1.53382 2.20187 0.289832 2.10976 -4.11792 11.225 -3.78587
189500 0.344636 0.818643 0.117373 0.0978924 1.71157 5.93443 1.30133
190000 1.40851 1.4375 2.19572 0.592316 2.97311 6.28264 -5.29276
190500 0.977308 1.00346 0.131368 1.79709 2.80764 13.4512 1.51349
191000 2.09205 1.4046 1.64378 3.22776 10.557 15.7706 1.96161
191500 0.246584 0.7288 -1.03162 1.04257 5.19936 1.69595 5.09087
192000 1.87036 0.841716 3.63224 1.13712 -4.25978 -0.891307 4.09549
192500 -0.0467716 1.21476 -0.568055 -0.78702 0.0991136 9.0194 -1.1588
193000 1.22739 0.435747 2.64623 0.600195 4.61058 7.55757 -0.919459
193500 0.467791 0.660145 -0.687908 1.43113 6.27863 15.673 -11.4992
194000 1.15709 0.641724 1.92695 0.902596 -1.15382 15.3847 -5.06059
194500 1.67337 2.36552 0.216047 2.43854 0.422626 3.46265 -1.43532
195000 0.900873 0.447278 1.3418 0.913546 -2.60641 -4.96448 -8.50255
195500 0.980753 1.49039 1.10104 0.350829 0.775907 -1.3409 -3.91086
196000 0.727566 1.42386 1.1505 -0.391664 3.53378 9.74073 -3.86283
196500 1.22274 1.2153 0.077182 2.37575 0.953085 12.8965 -2.10075
197000 0.51647 0.623451 0.353377 0.572581 -0.609791 10.9643 5.29215
197500 1.77749 1.21819 2.85949 1.25477 5.63414 -7.57467 4.80413
198000 0.348993 -0.123527 0.977996 0.192511 2.43531 28.2346 2.36308
198500 0.96905 0.818577 1.03203 1.05654 2.17219 14.0858 -0.769256
199000 1.89134 2.75392 0.0675223 2.85256 1.97231 1.87841 -4.1483
199500 1.58672 1.7443 2.87056 0.145283 -0.736511 -7.15918 0.403801
200000 -1.41069 -0.857869 -2.1642 -1.21001 1.04294 20.0193 -3.38896
