# Time-averaged data for fix 3
# TimeStep c_st[0] c_st[1] c_st[2] c_st[3] c_st[4] c_st[5] c_st[6]
500 -90.2128 -32.655 -241.923 3.93981 -11.7828 -148.736 1.37309
1000 -4.50408 -1.87236 -16.7626 5.12275 -12.6417 -93.2223 1.73179
1500 -2.29041 -4.69273 -5.11884 2.94035 -21.7446 -66.9184 -2.05929
2000 -0.756611 -1.51345 -0.863631 0.107253 -21.0947 -2.37893 -4.68416
2500 0.282418 0.703902 -1.27235 1.4157 -16.7845 38.6759 0.45626
3000 0.53982 1.74291 0.0174802 -0.140936 -17.3834 24.5561 -3.86068
3500 2.17889 1.72451 1.93181 2.88034 -17.0626 -23.1937 -4.5867
4000 0.0725024 0.410329 -2.93696 2.74414 -10.4678 -47.8222 1.0789
4500 1.17352 0.591376 2.42358 0.505607 -12.8641 -52.5573 4.55893
5000 0.422044 1.03019 1.06483 -0.828883 -14.8139 -47.0942 6.30023
5500 1.01526 -0.309954 2.00749 1.34824 -16.9983 -38.0218 -0.543742
6000 0.0844678 -0.625851 -0.469465 1.34872 -13.8932 -19.8322 -8.93548
6500 1.74927 3.13244 1.17803 0.937352 -8.0923 -4.63174 -10.2868
7000 0.888929 0.44323 0.100184 2.12337 -12.602 -14.5618 -5.86876
7500 0.551313 0.432706 1.45559 -0.234361 -17.2551 -24.9565 -1.05774
8000 1.11825 2.01274 0.860212 0.481804 -15.4175 -29.2784 1.08442
8500 1.60265 0.716666 1.53412 2.55717 -20.808 -31.9296 -3.72739
9000 0.318137 0.526058 1.14811 -0.719754 -18.0815 -19.8439 5.68857
9500 0.680823 0.997085 1.25055 -0.205164 -15.5828 -20.3058 5.13109
10000 1.70606 0.682695 1.34219 3.09329 -24.5804 -13.0235 7.67025
10500 0.63038 1.07803 0.526517 0.28659 -18.7472 -16.13 13.6685
11000 1.22354 1.1523 0.293975 2.22434 -19.8947 -14.9336 2.19789
11500 0.627479 0.749793 0.689471 0.443173 -17.2378 -26.1937 -3.11237
12000 0.950932 1.06213 0.924217 0.866446 -18.097 -32.3939 -1.14405
12500 1.30287 2.59006 1.98472 -0.666178 -19.4811 -13.2687 -10.6412
13000 0.0729131 -0.836382 -0.535707 1.59083 -15.665 -14.4752 -12.2659
13500 1.91225 1.94974 1.7138 2.07322 -16.5138 -11.6164 -2.47835
14000 0.715008 0.222512 0.287744 1.63477 -12.4257 -16.4179 6.58097
14500 1.36416 1.20642 1.11823 1.76782 -7.93241 -12.7783 11.1328
15000 0.601736 0.930247 0.967792 -0.0928317 -10.5857 -12.0908 13.0881
15500 0.9181 0.291168 0.56504 1.89809 -6.30816 -22.5699 3.54966
16000 0.855617 1.285 0.562308 0.719547 -9.34483 -10.5846 1.81794
16500 0.387152 0.298876 0.75349 0.109089 -14.4918 -10.2484 -3.81153
17000 1.74652 1.95814 1.8716 1.4098 -7.44363 -10.1767 -9.34127
17500 0.691253 0.695486 -0.0940208 1.4723 -9.53742 -9.50495 -5.70096
18000 1.78906 2.12074 3.06897 0.177471 -5.36688 -30.4152 -6.36088
18500 -0.0484803 0.305214 -0.445598 -0.00505623 -7.8841 -19.3274 1.59949
19000 1.05799 0.488153 0.392629 2.29319 -6.15768 -0.228276 5.73795
19500 1.1808 1.96695 1.70687 -0.131408 -1.07233 2.72664 7.87708
20000 0.939466 0.884817 -0.285577 2.21916 -2.0627 -2.27181 8.87613
20500 1.25913 0.72807 2.41389 0.635436 -0.776125 3.4826 7.26687
21000 1.08106 1.20268 2.1447 -0.10419 -1.96714 -13.4387 4.37499
21500 0.777993 1.75197 -0.258531 0.840543 0.946771 -8.78262 -2.177
22000 0.426911 0.0657477 0.706441 0.508545 -2.41159 -26.8321 -5.47886
22500 1.74955 1.01457 1.98383 2.25026 -1.51908 -19.5932 -3.92189
23000 0.541813 0.851364 0.331582 0.442493 2.18117 -7.88829 0.819248
23500 1.68114 1.09607 1.74086 2.20649 0.628265 -5.32171 7.17149
24000 0.672913 0.896042 0.587299 0.535396 5.92947 -10.6699 13.4153
24500 0.100357 0.841806 -0.0753809 -0.465355 -3.28097 -4.4308 5.64507
25000 2.31481 1.59223 3.04937 2.30282 -4.0102 -8.58679 4.4637
25500 0.846772 0.906487 0.573589 1.06024 2.56617 -24.111 -0.291253
26000 0.0989422 0.815582 -0.706267 0.187512 3.97446 -14.957 -4.66287
26500 0.828596 0.960217 0.635841 0.889729 -7.26749 -7.81956 0.283846
27000 1.08907 0.530258 2.30411 0.432843 -3.38695 -2.60133 8.34564
27500 0.833837 0.673599 0.128377 1.69954 0.949817 -1.29671 17.3165
28000 2.0533 2.10694 1.26227 2.7907 -0.352431 -2.67647 18.4902
28500 0.551231 1.15231 0.568458 -0.0670739 -6.42285 -8.04006 18.6755
29000 0.83059 1.05635 0.331383 1.10403 3.69516 -2.11587 12.6942
29500 0.918484 0.388607 1.5274 0.839443 2.22526 -7.50633 6.83907
30000 1.09922 1.03679 1.41431 0.846549 -1.72278 -11.0224 -1.07485
30500 1.12251 0.862369 1.92398 0.581189 -0.0263527 -7.32078 -3.32478
31000 0.852443 1.59899 0.22181 0.736533 -0.982751 -1.99154 -11.0553
31500 0.904748 0.317556 0.434716 1.96197 -3.49744 3.36706 -6.25257
32000 1.06237 -0.135182 1.96334 1.35896 -0.25972 0.0583682 1.52594
32500 1.48307 2.50058 1.22746 0.721171 4.34806 4.62128 10.1668
33000 0.946542 0.817316 1.1345 0.88781 -0.0182665 11.9976 11.4211
33500 -0.0578258 0.331018 0.0960782 -0.600574 -1.58323 6.52716 0.360565
34000 1.20498 0.337444 1.01655 2.26094 0.151123 1.11743 -2.37065
34500 1.51673 1.25555 1.06155 2.23309 4.2448 -0.496843 -3.82709
35000 0.318484 1.62009 0.183271 -0.847908 0.31839 -7.67405 -7.83588
35500 1.83386 -0.249007 2.80146 2.94913 -4.19345 -13.7119 -7.43698
36000 1.38229 2.62312 0.716522 0.807241 -3.40101 -14.0603 -3.51155
36500 0.268793 0.702437 0.473798 -0.369856 -7.58114 -22.7017 1.41963
37000 1.37729 0.849703 1.73901 1.54315 -1.05537 -11.4749 9.57526
37500 0.82977 0.662086 1.00514 0.822088 -4.98969 -1.63119 8.64508
38000 1.07747 1.46784 -0.952137 2.71671 -2.53786 -17.1266 4.37379
38500 0.882849 1.07171 1.58601 -0.00917978 -1.74879 -12.4355 4.51722
39000 0.727945 -0.202246 1.80555 0.580528 2.79456 -0.0945107 4.87272
39500 2.05997 3.47153 1.04562 1.66276 2.84456 -4.63708 -2.20573
40000 0.735383 0.0138005 1.44102 0.751328 -1.52846 -4.59738 1.30086
40500 0.448062 1.00194 0.23201 0.110237 3.33733 -3.17861 1.53549
41000 1.07581 0.0954226 0.995577 2.13644 -0.0487979 -11.7653 2.93035
41500 0.738624 1.65642 0.134114 0.425335 0.760459 -22.7412 4.86834
42000 1.46376 1.54894 1.55972 1.28264 0.974295 -5.44037 9.98868
42500 0.157001 -0.51024 1.38822 -0.406971 -1.98038 7.74354 10.0274
43000 1.34034 1.28096 0.403433 2.33664 -1.75034 6.3188 0.387081
43500 0.927404 1.34568 0.683506 0.753026 -0.265689 8.11599 -2.92006
44000 1.26977 1.69409 1.76051 0.354709 3.70384 0.823609 -12.2089
44500 1.39228 0.651326 1.4787 2.04681 0.795697 -19.8136 -17.3232
45000 0.926509 0.622557 1.61154 0.545427 2.92344 -11.2748 -17.0737
45500 0.765699 0.523831 0.868625 0.904641 0.406136 -11.0335 -10.803
46000 2.01969 3.00443 2.32735 0.727276 1.91748 -18.8175 -1.71266
46500 -0.661151 -0.800132 -1.4324 0.249082 -5.02158 12.16 13.2328
47000 1.85546 1.25625 1.94643 2.36371 -3.86034 -1.18293 20.5359
47500 0.403398 0.114718 1.44816 -0.35268 -1.74207 -8.96643 21.9151
48000 2.54122 3.315 1.55971 2.74894 -4.03858 -7.38249 -0.31067
48500 0.698566 1.13856 0.41629 0.540852 -0.856049 -17.9253 -8.56612
49000 0.414785 -0.438404 1.03688 0.645883 -1.14377 1.72101 -16.3088
49500 1.13655 1.12758 1.33086 0.951198 -0.310473 4.91424 -5.45689
50000 0.861827 1.03721 0.864809 0.683465 -3.64419 15.4328 -2.06157
50500 0.370366 0.193973 0.571361 0.345762 -3.83914 0.477185 -3.1317
51000 1.55447 1.37271 1.6012 1.6895 1.05666 -8.92173 -2.02477
51500 1.24225 2.12779 0.0847513 1.51419 -4.68071 -6.16775 9.75662
52000 0.804291 0.0348681 1.08124 1.29677 -7.73512 -9.35922 12.1926
52500 0.614657 1.166 -0.480929 1.1589 -9.31382 -12.2685 8.73675
53000 1.03616 0.625465 2.17231 0.310712 -1.01149 -0.634172 5.34636
53500 2.04596 3.14886 1.13802 1.85102 -4.51068 16.3742 -12.0414
54000 0.0616288 -0.991129 0.371122 0.804893 -1.4078 6.0779 -7.08898
54500 0.905999 1.97807 0.945062 -0.205132 -3.0359 -4.75783 1.47201
55000 1.8611 1.19526 1.59888 2.78914 -2.58877 -3.93045 6.47822
55500 0.431065 -0.348741 0.870714 0.771223 -4.36358 -0.0131696 8.4116
56000 0.650892 1.99595 -0.048361 0.00509206 -2.70605 21.0235 8.26855
56500 0.982418 -0.331676 1.98652 1.29241 -7.1867 2.98209 1.78412
57000 1.33417 1.77103 0.578731 1.65275 -4.8392 -4.01122 6.18524
57500 0.686316 0.286936 2.46739 -0.69538 -6.49421 10.182 -1.58939
58000 0.501358 1.1856 0.0677313 0.250743 -1.4059 15.6147 0.634968
58500 1.97687 2.04089 1.62325 2.26646 -2.7669 -16.3728 -2.48544
59000 0.0579446 -0.628702 -0.00482222 0.807358 -6.05987 -3.77334 -1.24829
59500 1.30185 1.78119 0.470385 1.65397 -1.76961 17.2784 4.3536
60000 1.97738 2.35533 2.17488 1.40193 -7.16436 7.77883 6.01779
60500 0.263403 -0.586984 0.576134 0.80106 -2.8541 6.64511 5.00044
61000 1.17935 2.14823 0.3452 1.04463 -2.77778 4.38399 6.43581
61500 1.16655 0.755127 1.08223 1.6623 -3.20444 -4.09947 10.3845
62000 1.20433 0.407691 2.49694 0.708343 0.438127 -12.0166 12.2515
62500 1.05783 2.24235 0.333094 0.598052 -0.631514 10.7963 9.1224
63000 0.078173 -2.02113 0.110852 2.1448 -6.42969 5.09482 5.80547
63500 2.26758 3.16325 2.98075 0.658736 1.84482 6.71845 4.27945
64000 0.55533 0.381992 0.330881 0.953117 5.41614 5.14623 7.41868
64500 0.679752 1.60036 0.212751 0.226143 -0.884313 6.86553 9.01851
65000 0.598968 -0.131386 1.60919 0.319103 -0.524464 -14.2141 9.54056
65500 2.18854 3.50982 1.0734 1.9824 -5.06579 -4.80213 8.66593
66000 0.650532 -1.51089 2.03347 1.42901 -3.20985 4.15102 0.582532
66500 0.30091 1.15588 -0.507715 0.254565 -9.67387 2.05369 -4.92934
67000 2.23606 2.39063 2.03506 2.28249 -1.95195 -1.14742 -4.62407
67500 0.268668 0.387977 1.13528 -0.717256 0.875056 -11.505 -4.11858
68000 1.073 1.49908 -0.228626 1.94856 -2.53614 0.55886 0.906702
68500 0.535742 1.02709 0.537248 0.0428826 -4.58076 -20.0304 12.3472
69000 1.13117 0.810908 1.09912 1.48348 -4.63943 -15.5144 14.0062
69500 0.282009 1.3489 0.276379 -0.779248 -1.97959 -12.1337 10.9581
70000 1.73066 0.667651 2.4324 2.09192 4.18361 -5.73815 7.41961
70500 0.292762 -0.487639 0.143513 1.22241 0.419096 -0.496606 1.03856
71000 2.22245 3.61477 2.38353 0.669049 -9.32328 -13.3776 -2.32758
71500 0.543448 -0.429837 0.310591 1.74959 -7.32055 -11.2096 -5.3139
72000 0.662628 1.08417 -0.0232433 0.92696 -2.03863 -4.64924 2.42952
72500 1.21952 0.943991 2.76637 -0.051809 -1.27343 -9.57632 5.9744
73000 1.87401 2.12981 0.496483 2.99575 -3.10104 9.96363 11.5367
73500 0.603577 0.31902 0.872046 0.619667 -3.70724 19.84 17.2804
74000 1.18144 3.10569 -0.450253 0.888889 -6.33745 -4.35618 11.9887
74500 0.871788 -1.27587 3.025 0.866232 3.07885 -1.34909 8.57671
75000 0.505249 1.05438 0.532471 -0.0711005 -1.6654 -11.6222 0.137223
75500 1.25589 1.14459 0.726932 1.89614 0.104739 -14.3316 6.27427
76000 1.07396 0.419535 0.437768 2.36459 -0.758607 -6.2608 11.7024
76500 0.889538 1.49056 2.27732 -1.09927 -2.93358 -9.049 5.29037
77000 1.03569 0.294239 0.374128 2.43869 -3.2792 -5.67558 -1.88366
77500 1.1834 1.25856 1.8643 0.427364 -4.19665 -1.59214 1.42154
78000 1.24516 1.08024 1.01759 1.63766 -1.4724 1.74812 1.6329
78500 0.749501 1.12255 0.373726 0.752223 -1.75528 2.84978 3.96317
79000 -0.0846592 0.135238 -0.0149893 -0.374226 0.542372 0.466621 3.80666
79500 1.40605 1.93891 0.370362 1.90888 0.991715 5.04586 6.3086
80000 1.2441 0.863093 1.53484 1.33435 1.59868 2.69669 5.53938
80500 1.5448 2.13565 1.56936 0.929378 0.682578 -6.19716 8.5819
81000 0.133507 -0.844506 1.4259 -0.180875 -0.36764 4.6078 11.547
81500 1.7944 2.24411 0.959042 2.18004 -0.896265 -6.09623 9.05009
82000 0.72081 0.120675 0.911563 1.13019 1.65861 -13.2261 10.162
82500 0.750923 0.976752 0.579774 0.696243 -2.71969 -4.64512 7.63634
83000 1.04025 0.253835 1.90445 0.962465 -2.99053 -3.05497 7.82478
83500 0.67651 1.53663 0.032055 0.460846 -5.62146 2.54572 16.5128
84000 1.64265 0.803064 1.19249 2.93239 -4.93468 -11.7537 17.96
84500 0.801734 1.71786 1.31108 -0.623742 -9.2078 -12.8924 11.5532
85000 1.1322 1.72577 0.812688 0.858151 -9.1102 2.18476 9.41562
85500 1.34283 0.802226 0.212616 3.01365 -1.67733 -15.4158 10.2004
86000 -0.237368 0.0691307 0.749703 -1.53094 -5.56821 -8.86712 9.52472
86500 1.11527 0.865849 2.42774 0.0522228 -3.48871 5.20626 7.97061
87000 2.09003 2.92944 0.403298 2.93736 0.834519 -7.97124 1.90446
87500 0.768262 0.973144 1.47276 -0.141114 2.128 -12.564 1.4738
88000 0.722346 -0.420713 1.12701 1.46074 -5.966 -7.30934 0.974439
88500 1.28324 1.62243 0.5828 1.64449 -0.882626 -4.16034 -0.127565
89000 0.837471 0.647411 1.52009 0.344912 2.0625 -1.7172 5.02519
89500 0.365182 0.2947 0.192208 0.608638 -5.41274 7.36605 5.78785
90000 1.6214 2.18242 0.963789 1.71798 -4.80111 -4.48932 4.47373
90500 0.953172 -0.259218 2.54089 0.577841 -3.47435 -10.3466 6.10875
91000 1.39063 3.06133 -0.726689 1.83724 -6.82919 -19.792 4.14741
91500 1.04844 0.667313 2.47901 -0.00100053 8.80115 -5.9317 10.4597
92000 1.22668 0.0466878 0.845127 2.78823 1.32372 -11.0802 4.24258
92500 0.123016 0.14275 0.481943 -0.255646 2.94656 -5.80961 14.8441
93000 1.40505 1.56086 1.25905 1.39524 2.55022 -11.7114 12.6639
93500 1.09948 0.67892 0.935996 1.68354 -0.841763 -10.1293 5.95906
94000 1.31396 2.3421 1.0553 0.544483 4.13259 -5.82858 5.76814
94500 1.06779 1.60643 1.86932 -0.272372 1.77368 -7.83404 9.60851
95000 0.418809 -1.01664 1.51264 0.760422 -1.24154 11.011 7.86205
95500 0.614526 2.1845 -0.756983 0.41606 -0.561236 15.2885 5.17346
96000 1.63016 0.640103 1.60037 2.64999 -1.95817 -2.24811 0.769158
96500 1.22755 1.03326 1.6056 1.04378 -0.599329 7.53659 2.95994
97000 0.186649 -0.566708 -0.317552 1.44421 1.35915 8.0226 2.34302
97500 1.11852 2.59315 0.61321 0.149195 -4.39989 -16.43 4.66116
98000 1.71553 0.478983 2.07524 2.59235 -2.07743 -19.365 5.36234
98500 0.330142 1.24626 0.147031 -0.402868 -6.54006 -8.63465 6.58895
99000 0.568348 1.23598 0.27029 0.198778 -1.17146 -5.50128 6.59594
99500 1.86146 1.08497 2.66262 1.8368 -4.09841 -0.835436 12.558
100000 1.22392 1.11267 0.67203 1.88706 -2.6644 9.35289 12.9052
100500 0.763816 1.2418 1.10955 -0.0599086 -2.09878 -0.0235964 7.37833
101000 2.06064 2.19672 2.7958 1.18941 -3.93184 -20.4053 0.138187
101500 -0.140236 -0.820703 -0.691918 1.09191 -1.5375 -1.01295 4.92359
102000 1.65341 2.16378 1.86497 0.931461 -5.03089 -7.48514 10.6198
102500 1.18186 0.83433 1.35551 1.35573 1.8355 -15.1367 8.94855
103000 0.36482 -0.116315 0.233754 0.977022 -2.30304 -9.78685 5.01987
103500 0.837903 1.88885 0.310313 0.314548 -2.04447 17.4599 3.70091
104000 1.18478 0.78841 0.740783 2.02514 -2.88902 -6.62848 1.99586
104500 1.06552 0.879717 2.20733 0.109505 1.10257 -2.48793 -1.47273
105000 0.379266 0.111438 0.370848 0.655511 -2.19133 -14.1883 -3.47914
105500 2.08174 0.986515 3.40359 1.85512 1.50711 -16.3913 -0.356024
106000 1.08663 1.86163 0.0416642 1.3566 0.621725 -3.9686 6.66669
106500 1.104 0.720337 1.43438 1.1573 -0.732428 -12.4559 16.6963
107000 0.504047 1.30921 -0.352853 0.555787 2.81357 9.96784 14.9491
107500 0.113607 0.590452 0.296818 -0.546448 -5.08389 11.2563 5.42928
108000 1.64657 1.59715 1.27126 2.07131 -1.12304 -15.8048 4.65686
108500 0.789986 -0.436585 1.77624 1.0303 3.31832 -12.4013 9.97985
109000 2.40968 2.97389 2.59213 1.66303 3.922 -1.89734 9.78037
109500 -0.253115 -0.722759 0.307319 -0.343905 0.775664 -4.72692 3.3417
110000 1.07089 0.759879 1.18972 1.26309 0.859594 -0.440073 2.60809
110500 1.27892 2.1702 -0.456196 2.12277 -0.360593 -5.78431 0.849855
111000 1.25632 1.49617 0.950514 1.32228 6.12733 -2.00373 5.10232
111500 0.47018 -0.246382 1.41529 0.241633 -4.72339 9.90236 4.21525
112000 0.220406 0.7399 0.966526 -1.04521 -3.37278 13.073 0.894346
112500 2.4736 1.95697 2.01583 3.44802 -0.699539 -4.44184 -2.89111
113000 0.722944 0.40926 1.20053 0.559039 -2.03511 6.20856 6.854
113500 1.10963 1.54281 -0.732762 2.51883 1.14033 -14.5305 11.4283
114000 1.00707 1.39009 2.09822 -0.467113 -1.46492 -9.15336 7.33297
114500 0.435874 0.819932 0.0923274 0.395364 3.78245 -8.30323 -1.85257
115000 2.00043 1.76256 2.8951 1.34361 -4.63713 4.22467 -0.28667
115500 0.70532 0.576036 -0.60905 2.14897 -2.71553 -5.81599 1.91777
116000 -0.0184166 1.04563 -0.222267 -0.878611 -0.796722 -7.78466 7.40906
116500 1.50887 0.389536 2.35879 1.77827 -3.08804 7.23941 -4.66047
117000 1.86375 2.63848 1.81637 1.13641 4.95908 0.830052 -3.04661
117500 -0.57523 -2.09726 -0.357703 0.729275 -3.02158 6.61066 -0.437374
118000 1.46708 2.60729 0.0835065 1.71044 -3.40683 7.71779 2.23247
118500 1.40527 1.65639 1.75039 0.809033 1.38642 -8.29186 8.75096
119000 0.541896 0.620067 1.1949 -0.189277 -0.0767852 -1.2502 -2.55832
119500 0.694733 -0.0727927 1.57892 0.578077 1.95652 0.25898 -2.26569
120000 1.16491 0.801816 1.10625 1.58668 0.10561 9.1211 -0.800277
120500 1.76345 2.69595 0.558235 2.03616 0.459784 -2.24095 12.4932
121000 1.02407 0.810869 0.927247 1.33409 -6.87902 -16.3529 12.292
121500 1.34699 1.28244 1.62736 1.13117 -3.80827 -4.59367 10.7782
122000 0.692115 0.819208 1.65025 -0.393114 0.678957 7.84463 13.4495
122500 1.21059 0.846121 0.419881 2.36578 2.75038 -5.58803 7.12819
123000 0.488676 0.1291 1.42221 -0.0852792 -3.01607 -7.38506 -3.04984
123500 0.832665 1.65482 0.0119863 0.83119 -3.07324 3.5731 2.45239
124000 1.4437 1.32645 1.63988 1.36477 -5.00354 12.3197 0.114257
124500 1.46753 1.52333 2.11495 0.764315 -1.23159 -5.23283 -2.63777
125000 0.216313 0.536045 -0.859194 0.972088 -0.686818 -6.80013 2.37503
125500 1.30504 1.01756 1.5411 1.35645 -3.83458 -6.9507 8.06686
126000 1.55678 1.552 2.3249 0.793442 -1.97881 -8.02958 2.71777
126500 -0.157079 -0.00931208 -0.583514 0.121588 2.02467 11.8624 1.30785
127000 1.8997 1.95607 1.71768 2.02535 -0.747982 3.24026 -12.996
127500 0.155369 -0.132879 -0.172151 0.771138 -2.10362 -2.2839 -7.99168
128000 1.87031 2.30528 2.02205 1.28359 -5.75746 -2.94363 -9.11749
128500 0.918411 0.817993 1.05089 0.886351 -9.76999 -2.098 -4.79424
129000 0.550825 0.212953 -0.682698 2.12222 -6.89371 -8.52012 0.497806
129500 0.959572 1.71584 1.71744 -0.554568 -4.003 -8.60335 4.81752
130000 1.31962 0.450848 1.31595 2.19206 2.99041 -3.9544 13.325
130500 1.26174 1.21548 2.82296 -0.253213 -1.56411 11.9926 6.87038
131000 0.517468 0.996254 -0.720678 1.27683 1.82174 6.9659 6.99236
131500 1.28158 0.702738 1.17633 1.96568 -3.57888 1.47054 1.39035
132000 0.587527 1.97012 0.209439 -0.416978 -2.06335 4.03102 6.0841
132500 1.1166 0.448891 1.79401 1.10689 -2.54704 -1.25976 -0.274976
133000 0.439262 -1.00454 0.814584 1.50774 -3.22899 -10.0119 -3.92555
133500 2.01234 3.34009 0.729789 1.96715 -4.19791 -3.85548 -1.10677
134000 1.2957 0.861063 2.73444 0.291597 -3.96839 -2.77173 -4.49437
134500 -0.136946 0.331339 -0.735933 -0.00624392 0.930557 1.94069 3.80147
135000 1.61585 2.50751 1.3108 1.02923 -5.94665 4.95662 -0.513337
135500 1.16778 0.540781 1.82711 1.13546 -4.68869 -16.8019 2.29341
136000 0.537501 0.226509 -0.327448 1.71344 -0.387604 -5.52787 7.12079
136500 0.95734 1.95316 0.882549 0.0363122 -0.047455 -0.051904 4.68641
137000 2.34019 1.8803 3.11732 2.02296 -3.18065 -1.17432 -1.85404
137500 0.394525 0.406773 -0.117858 0.894661 -0.626173 6.08537 1.92495
138000 0.0272093 -1.3832 0.29105 1.17377 -5.89178 -0.525486 -5.50865
138500 1.38551 1.49881 2.32433 0.333386 -0.276494 16.0187 1.7021
139000 1.10919 2.48601 -0.831887 1.67346 -0.701655 8.90476 11.11
139500 1.48241 0.543336 2.74664 1.15724 -3.98186 16.5663 7.92178
140000 0.589922 1.63635 0.641015 -0.507605 0.587868 -2.17751 8.67279
140500 0.855096 0.476596 0.459921 1.62877 -3.47067 -11.0298 7.80735
141000 1.56631 1.22661 1.86565 1.60667 -4.59008 -26.1866 -1.24144
141500 0.463036 1.1224 -0.701165 0.967877 2.27833 -24.5184 -6.06247
142000 0.754808 0.0601213 2.19438 0.00992156 -0.666132 7.77125 -7.34384
142500 1.36738 2.40471 -0.584264 2.28168 -0.878863 10.5188 -5.515
143000 1.19356 -0.0574274 2.67741 0.960708 -2.30841 8.21215 -4.42179
143500 1.29711 1.24739 0.575039 2.0689 -1.07857 -12.6379 -1.06339
144000 0.79125 0.85222 2.1393 -0.617774 -0.487226 -1.16139 -1.88446
144500 0.649648 1.15847 -0.208115 0.998589 -2.94094 -3.29855 -7.30214
145000 1.39745 0.339282 2.5334 1.31966 -4.73701 -10.5129 -2.93704
145500 1.42305 2.06615 0.887069 1.31592 -1.26321 -6.9363 2.98351
146000 1.31404 0.610985 1.17507 2.15608 1.1397 -4.15338 7.31816
146500 0.256918 0.828526 1.06113 -1.1189 -4.16403 7.09903 8.13097
147000 0.6037 1.01079 0.272194 0.528112 -5.14146 1.76172 7.0362
147500 1.64536 2.05567 1.27628 1.60413 -1.97864 1.52713 4.57431
148000 1.23833 -0.0349043 1.41486 2.33503 -5.07764 6.75162 -3.53339
148500 0.419174 1.53907 0.0367039 -0.318253 -2.9718 -9.85383 -13.1999
149000 1.04763 0.759158 1.8345 0.549242 -4.0362 -4.3864 -10.9106
149500 1.3155 1.31847 0.163327 2.46471 -1.89157 0.702963 -1.84901
150000 0.89683 -0.0392944 2.96968 -0.239899 -2.47194 14.4282 -2.28149
150500 0.656025 1.3582 -0.436164 1.04604 5.19813 19.5253 5.28432
151000 1.06959 0.518454 1.31297 1.37734 5.51871 5.21775 5.95831
151500 0.917432 2.39627 -0.03797 0.393996 -6.33608 -5.91312 -2.38647
152000 1.0818 -0.0548759 2.23186 1.06841 2.57919 -4.91615 7.5051
152500 1.65803 1.52501 1.43857 2.01051 -1.23166 6.6493 3.68782
153000 1.43346 2.28778 0.107515 1.9051 3.75001 5.1727 -9.92062
153500 -0.582051 -0.654841 -0.30671 -0.784601 4.16833 1.41889 -3.09895
154000 1.76175 1.68488 2.12425 1.47613 2.67825 -2.94904 4.21989
154500 0.459787 0.146846 1.45808 -0.225568 -2.44881 4.89165 2.69464
155000 1.30231 0.776351 0.796328 2.33425 1.92592 4.56433 1.42049
155500 1.25743 1.55257 1.82319 0.396524 -3.08829 -2.0462 -3.33121
156000 0.983012 1.3158 0.868008 0.765225 -4.9031 -8.67601 4.72478
156500 0.616979 0.226395 0.716226 0.908317 -2.06215 -4.79997 2.91092
157000 0.793389 0.876291 -0.244537 1.74841 -4.37513 -6.85304 -1.2099
157500 0.945021 1.51187 1.20603 0.117162 -3.809 -9.2386 -2.23397
158000 1.37786 0.512548 1.58866 2.03236 0.998339 12.265 -2.90091
158500 -0.0724809 -0.254906 -1.40875 1.44622 -0.883988 12.1442 -2.11433
159000 1.59787 2.48526 2.42872 -0.120377 1.97055 -15.8006 0.367603
159500 1.59821 1.06513 1.44986 2.27963 -1.1882 -5.43903 -9.18246
160000 0.490481 0.746342 0.152691 0.572412 0.983716 -3.64622 -3.84641
160500 1.60353 2.43324 1.70564 0.671725 -3.64949 1.47256 -3.49836
161000 0.729671 0.0915885 0.903429 1.194 -7.25517 18.0215 -7.9895
161500 0.672793 0.546971 1.04049 0.430919 5.03503 11.6321 -3.96044
162000 1.3884 1.6007 1.69713 0.867388 0.645113 -1.70992 -3.39286
162500 0.772136 0.532529 0.435533 1.34835 -0.984488 -14.0761 1.38348
163000 0.842468 -0.445737 1.91676 1.05638 0.294345 -0.0883535 2.09442
163500 1.58007 2.11424 0.681375 1.94459 0.850639 10.1883 6.24159
164000 1.80853 2.62666 0.390199 2.40872 -2.20626 -0.465461 10.6097
164500 0.305899 0.466586 0.353809 0.0973018 -3.6059 -13.2614 -2.98019
165000 0.190593 -0.693966 1.20926 0.0564868 -2.83054 13.1163 -1.31021
165500 1.5169 1.8039 2.00821 0.738595 -5.06911 3.96987 -9.05944
166000 0.91966 0.993875 0.399191 1.36591 -0.0237904 -2.46798 -3.77941
166500 1.54748 1.8452 1.27846 1.51877 -5.63161 25.6728 -4.48384
167000 0.408842 0.0666643 1.15161 0.00825109 -9.04545 4.47413 4.10766
167500 1.30581 1.83238 0.332526 1.75252 -9.66662 -7.28773 5.019
168000 1.3835 2.21989 1.50949 0.421102 2.20857 -2.20047 16.5763
168500 0.525605 -0.511036 1.80956 0.278294 -4.64836 8.44776 9.30019
169000 2.1189 2.73632 1.25931 2.36106 -0.0969514 -10.9398 8.5571
169500 0.0574063 -0.369589 -0.845014 1.38682 -0.688008 1.55709 5.59968
170000 0.782232 -0.0188349 2.7994 -0.433863 -4.91935 4.57106 7.20862
170500 1.357 1.79112 1.28821 0.991673 -2.7439 10.4075 6.00755
171000 1.2799 1.08893 0.554023 2.19674 0.161936 7.30577 -1.51614
171500 0.799182 2.0543 0.184652 0.158592 -2.48019 -2.7963 -4.84002
172000 0.880962 -0.663822 1.60102 1.70568 -4.01175 -1.707 -2.02653
172500 0.534656 1.05206 0.841455 -0.289542 -1.87072 6.22544 2.0259
173000 1.27185 0.496137 1.02843 2.29099 1.30918 14.8122 12.343
173500 1.36477 2.06126 1.00536 1.0277 -1.44135 12.654 13.897
174000 0.84048 0.781058 0.769958 0.970423 -3.46605 -3.47974 14.9734
174500 1.43654 2.13316 1.51462 0.661842 -0.597157 -5.95715 5.80137
175000 0.442371 -0.414763 1.34596 0.395916 2.16928 26.4028 9.10948
175500 1.22295 1.36495 0.811848 1.49205 -2.85231 24.9845 -2.93209
176000 0.507331 0.995427 0.0956784 0.430886 -3.40069 0.316456 5.94842
176500 1.41442 2.39761 1.57819 0.267442 0.124924 -2.84259 -0.44359
177000 0.624143 0.251104 0.608066 1.01326 -4.39515 9.84666 1.36472
177500 1.04824 1.14569 0.888505 1.11052 -3.1215 0.853725 0.321153
178000 0.919807 0.524836 0.936307 1.29828 -6.75802 4.83978 0.660918
178500 1.1248 0.653926 0.560653 2.15982 2.79563 5.65932 7.20869
179000 1.59292 1.40856 1.51852 1.85168 -0.0759218 4.74637 3.6986
179500 0.0168431 -0.064535 -0.000544793 0.115609 0.158069 -2.6027 1.65029
180000 1.21173 1.7689 1.95868 -0.0923826 -2.81301 -8.45949 4.52736
180500 1.12817 0.83174 1.04539 1.50738 -0.929843 -10.2928 8.34861
181000 1.27597 1.41599 0.642787 1.76913 -4.17543 -0.542455 16.8613
181500 1.12831 0.659206 2.13246 0.593262 -3.00985 27.2814 9.27139
182000 0.114922 -0.770695 0.260805 0.854655 -3.99065 16.3482 2.72145
182500 0.663201 1.91957 -0.931703 1.00173 -9.25741 -7.92533 -0.125643
183000 1.69787 1.8495 2.52828 0.715826 -0.61305 -8.8648 -0.343822
183500 0.872776 0.269696 0.425004 1.92363 1.3114 -3.71621 -0.674352
184000 1.05033 1.36043 1.23679 0.553765 -3.05743 -7.16062 6.30079
184500 1.10714 1.3654 1.1886 0.767426 -4.52236 -1.87183 8.82237
185000 1.12412 1.92464 1.31413 0.133574 -1.41356 11.0046 8.9172
185500 0.75987 -0.0549181 0.929304 1.40522 -3.71575 3.6161 9.2035
186000 1.07467 1.38517 0.516874 1.32195 -1.94508 -9.03908 5.01682
186500 0.85434 -0.760756 2.37889 0.94489 -1.61209 -0.119115 11.7461
187000 1.38446 2.5479 0.531162 1.07431 2.98735 6.21127 9.12373
187500 0.870334 1.37548 0.90025 0.335274 1.4347 8.28377 9.15622
188000 1.12358 0.168202 1.02525 2.1773 2.18842 5.01105 4.47693
188500 0.943578 0.537573 0.939834 1.35333 0.149454 8.33308 5.20914
189000 1.0512 2.08196 1.13273 -0.0610771 -0.464868 -4.35473 12.6567
189500 0.775176 0.201122 0.556805 1.5676 -3.96123 -7.72117 14.0485
190000 1.29503 1.4928 1.29057 1.10173 -1.90054 -4.42923 11.9834
190500 0.702088 0.502015 0.948038 0.65621 -0.756477 -7.68239 13.7401
191000 1.46342 1.17496 1.17422 2.04108 -3.04187 1.92902 6.98214
191500 0.701913 0.157638 1.20833 0.739775 3.44414 -3.06642 2.81843
192000 0.924871 2.05221 0.508837 0.213569 -0.968534 4.05656 -6.62694
192500 0.760549 0.344708 1.53722 0.399719 0.79363 -1.73191 2.2492
193000 1.04601 1.81522 1.07234 0.25047 1.40905 -6.3763 15.139
193500 1.29237 0.523791 0.92373 2.42959 5.22493 -12.7666 17.1917
194000 0.193871 1.14108 -0.938295 0.378829 1.59038 1.10685 11.759
194500 2.3698 1.76597 2.90937 2.43406 2.24599 17.7477 6.9034
195000 -0.156629 0.431753 -0.597717 -0.303923 -1.78603 6.48977 0.627205
195500 1.86401 0.546859 2.53937 2.50581 -0.178861 -3.09584 -4.71247
196000 0.532765 1.57245 -0.0838497 0.109696 -0.954748 -2.14831 5.97393
196500 2.00697 1.80936 2.16394 2.04761 -4.38113 -19.2142 16.0584
197000 0.206922 0.598677 0.235637 -0.213548 -2.34861 -8.15775 23.9595
197500 1.3255 0.124948 1.14737 2.70417 -0.661616 -6.60741 16.1175
198000 0.322233 0.436018 1.66888 -1.1382 4.81717 18.1406 8.1597
198500 1.37922 1.18246 0.957915 1.99728 0.780124 19.0703 -0.408273
199000 0.992199 1.7372 1.0083 0.231092 2.1211 -4.63706 2.38595
199500 1.36926 0.794505 1.10807 2.20522 0.182068 -14.3399 -3.94082
200000 0.721219 1.01407 1.32572 -0.176127 2.8315 -15.536 5.41534
