# Time-averaged data for fix vv
# TimeStep v_l1 v_l2 v_l3 v_vs
500 306.334 150.96 217.202 1.00445e+07
1000 306.462 148.108 217.065 9.85244e+06
1500 305.636 147.232 217.497 9.78721e+06
2000 304.748 146.865 217.52 9.7355e+06
2500 304.271 146.597 217.422 9.69821e+06
3000 304.235 146.453 217.333 9.6835e+06
3500 304.377 146.34 217.427 9.68475e+06
4000 304.657 146.146 217.603 9.68861e+06
4500 304.573 146.052 217.701 9.68407e+06
5000 304.484 146.097 217.654 9.68214e+06
5500 304.258 146.131 217.62 9.67572e+06
6000 303.962 146.099 217.621 9.66425e+06
6500 303.912 146.087 217.604 9.66106e+06
7000 303.852 145.996 217.664 9.65581e+06
7500 303.95 146.039 217.681 9.66251e+06
8000 303.989 145.966 217.722 9.66073e+06
8500 304.089 145.98 217.701 9.66395e+06
9000 304.058 145.969 217.657 9.6603e+06
9500 304.016 146.052 217.547 9.65951e+06
10000 303.922 146.07 217.472 9.65441e+06
10500 303.856 146.07 217.558 9.65613e+06
11000 303.917 146.016 217.663 9.65919e+06
11500 303.953 146.001 217.774 9.66426e+06
12000 304.033 145.901 217.664 9.65528e+06
12500 303.924 145.946 217.546 9.64958e+06
13000 303.961 145.925 217.457 9.64544e+06
13500 303.862 145.897 217.637 9.64842e+06
14000 303.81 145.921 217.763 9.65394e+06
14500 303.793 145.836 217.741 9.64675e+06
15000 303.901 145.821 217.737 9.64904e+06
15500 303.894 145.774 217.714 9.64467e+06
16000 303.71 145.801 217.706 9.64029e+06
16500 303.722 145.756 217.727 9.63859e+06
17000 303.691 145.781 217.709 9.6385e+06
17500 303.703 145.757 217.683 9.63616e+06
18000 303.827 145.657 217.784 9.6379e+06
18500 303.947 145.788 217.667 9.64521e+06
19000 303.971 145.79 217.458 9.63683e+06
19500 303.897 145.761 217.489 9.63397e+06
20000 303.991 145.706 217.47 9.63249e+06
20500 304.063 145.665 217.423 9.62996e+06
21000 303.935 145.809 217.463 9.63721e+06
21500 304.038 145.811 217.34 9.63515e+06
22000 304.096 145.796 217.369 9.63725e+06
22500 304.058 145.802 217.475 9.64115e+06
23000 304.041 145.764 217.464 9.63764e+06
23500 303.889 145.747 217.391 9.62848e+06
24000 303.89 145.742 217.491 9.63254e+06
24500 303.987 145.772 217.461 9.6363e+06
25000 304.032 145.693 217.411 9.63031e+06
25500 303.986 145.683 217.426 9.62879e+06
26000 304.038 145.719 217.342 9.62917e+06
26500 303.955 145.693 217.392 9.62701e+06
27000 303.923 145.684 217.428 9.62701e+06
27500 303.892 145.755 217.407 9.62977e+06
28000 303.884 145.735 217.474 9.63118e+06
28500 303.918 145.672 217.448 9.62697e+06
29000 303.887 145.719 217.367 9.62543e+06
29500 303.969 145.713 217.356 9.62714e+06
30000 303.99 145.655 217.439 9.62766e+06
30500 303.972 145.697 217.363 9.62654e+06
31000 303.873 145.738 217.342 9.62518e+06
31500 303.839 145.759 217.404 9.6282e+06
32000 303.801 145.676 217.472 9.62459e+06
32500 303.9 145.678 217.398 9.62456e+06
33000 303.887 145.681 217.318 9.6208e+06
33500 303.928 145.756 217.307 9.62658e+06
34000 303.905 145.682 217.24 9.61795e+06
34500 303.968 145.624 217.345 9.62082e+06
35000 303.919 145.571 217.486 9.62201e+06
35500 303.963 145.627 217.408 9.62359e+06
36000 303.95 145.643 217.422 9.62487e+06
36500 303.932 145.633 217.427 9.62383e+06
37000 303.997 145.639 217.337 9.62232e+06
37500 303.939 145.689 217.316 9.62286e+06
38000 303.861 145.593 217.503 9.62234e+06
38500 303.811 145.563 217.52 9.61955e+06
39000 303.89 145.64 217.334 9.61889e+06
39500 304.009 145.619 217.397 9.62407e+06
40000 303.977 145.649 217.351 9.62298e+06
40500 303.954 145.643 217.283 9.61883e+06
41000 303.912 145.69 217.411 9.62629e+06
41500 303.908 145.59 217.458 9.62165e+06
42000 303.946 145.537 217.411 9.61728e+06
42500 303.852 145.599 217.353 9.61583e+06
43000 303.883 145.623 217.302 9.6161e+06
43500 303.876 145.596 217.303 9.6142e+06
44000 303.848 145.581 217.309 9.61256e+06
44500 303.952 145.602 217.373 9.62009e+06
45000 304.004 145.583 217.494 9.6258e+06
45500 303.956 145.668 217.458 9.62836e+06
46000 303.883 145.647 217.336 9.61923e+06
46500 303.979 145.76 217.125 9.62042e+06
47000 303.964 145.681 217.21 9.61846e+06
47500 303.973 145.72 217.293 9.62497e+06
48000 303.939 145.7 217.341 9.62469e+06
48500 304.037 145.682 217.34 9.62657e+06
49000 304.079 145.835 217.163 9.63015e+06
49500 304.074 145.841 217.122 9.62859e+06
50000 304.04 145.773 217.123 9.62311e+06
50500 303.97 145.668 217.251 9.6196e+06
51000 304.028 145.645 217.249 9.61986e+06
51500 304.03 145.577 217.236 9.61478e+06
52000 304.031 145.607 217.339 9.62138e+06
52500 303.914 145.596 217.456 9.6221e+06
53000 303.931 145.545 217.314 9.613e+06
53500 303.958 145.586 217.202 9.61165e+06
54000 304.005 145.604 217.284 9.61789e+06
54500 304.06 145.666 217.249 9.62221e+06
55000 304.073 145.687 217.2 9.62183e+06
55500 304.068 145.694 217.216 9.62286e+06
56000 304.065 145.695 217.242 9.62399e+06
56500 303.944 145.618 217.277 9.61662e+06
57000 303.874 145.59 217.277 9.61257e+06
57500 304.009 145.694 217.188 9.61977e+06
58000 304.001 145.66 217.171 9.61647e+06
58500 303.955 145.588 217.328 9.61727e+06
59000 303.913 145.593 217.259 9.61322e+06
59500 303.934 145.669 217.136 9.61342e+06
60000 304.005 145.654 217.156 9.61553e+06
60500 303.948 145.635 217.184 9.61375e+06
61000 303.893 145.622 217.256 9.61432e+06
61500 303.876 145.635 217.376 9.61999e+06
62000 304.028 145.604 217.282 9.61858e+06
62500 303.958 145.671 217.057 9.61085e+06
63000 303.868 145.629 217.131 9.60849e+06
63500 303.722 145.562 217.378 9.61036e+06
64000 303.639 145.535 217.338 9.6042e+06
64500 303.796 145.508 217.216 9.60195e+06
65000 303.918 145.453 217.29 9.60549e+06
65500 303.812 145.531 217.323 9.60873e+06
66000 303.925 145.619 217.256 9.61515e+06
66500 304.01 145.665 217.19 9.61794e+06
67000 304.103 145.552 217.183 9.61315e+06
67500 303.94 145.558 217.336 9.61516e+06
68000 303.935 145.591 217.342 9.61744e+06
68500 303.972 145.5 217.385 9.61446e+06
69000 304.051 145.522 217.364 9.61753e+06
69500 303.973 145.544 217.261 9.61192e+06
70000 304.06 145.564 217.129 9.61017e+06
70500 304.102 145.601 217.134 9.61416e+06
71000 304.035 145.563 217.237 9.61409e+06
71500 304.066 145.572 217.197 9.61388e+06
72000 303.923 145.653 217.23 9.61615e+06
72500 303.861 145.638 217.28 9.61546e+06
73000 303.789 145.688 217.187 9.6124e+06
73500 303.902 145.689 217.208 9.61694e+06
74000 303.785 145.564 217.389 9.61297e+06
74500 303.779 145.554 217.272 9.60697e+06
75000 303.867 145.619 217.337 9.61693e+06
75500 303.956 145.642 217.386 9.62337e+06
76000 303.989 145.561 217.328 9.61654e+06
76500 303.957 145.53 217.337 9.61389e+06
77000 303.829 145.474 217.384 9.60822e+06
77500 303.755 145.517 217.383 9.60863e+06
78000 303.787 145.617 217.295 9.61237e+06
78500 303.729 145.612 217.318 9.61123e+06
79000 303.805 145.51 217.361 9.6088e+06
79500 303.838 145.554 217.285 9.60941e+06
80000 303.815 145.61 217.278 9.61203e+06
80500 303.794 145.608 217.385 9.61598e+06
81000 303.865 145.611 217.293 9.61437e+06
81500 303.81 145.58 217.293 9.61055e+06
82000 303.851 145.502 217.35 9.60924e+06
82500 303.81 145.525 217.296 9.60708e+06
83000 303.728 145.496 217.356 9.60521e+06
83500 303.712 145.595 217.32 9.60962e+06
84000 303.818 145.501 217.383 9.60957e+06
84500 303.777 145.476 217.394 9.60715e+06
85000 303.791 145.528 217.272 9.60562e+06
85500 303.757 145.448 217.426 9.60604e+06
86000 303.75 145.392 217.449 9.60315e+06
86500 303.753 145.511 217.276 9.60347e+06
87000 303.731 145.55 217.288 9.60585e+06
87500 303.841 145.453 217.378 9.60691e+06
88000 303.805 145.363 217.456 9.60331e+06
88500 303.633 145.44 217.362 9.59879e+06
89000 303.614 145.373 217.413 9.59604e+06
89500 303.73 145.458 217.411 9.60524e+06
90000 303.712 145.472 217.436 9.60666e+06
90500 303.797 145.458 217.444 9.60879e+06
91000 303.793 145.473 217.474 9.611e+06
91500 303.852 145.42 217.335 9.60315e+06
92000 303.777 145.5 217.345 9.60659e+06
92500 303.757 145.535 217.406 9.61094e+06
93000 303.859 145.466 217.383 9.60861e+06
93500 303.917 145.52 217.35 9.61249e+06
94000 303.758 145.567 217.422 9.61379e+06
94500 303.859 145.489 217.524 9.61632e+06
95000 303.858 145.511 217.34 9.60962e+06
95500 303.798 145.577 217.271 9.60902e+06
96000 303.88 145.487 217.335 9.60852e+06
96500 303.787 145.583 217.346 9.61237e+06
97000 303.814 145.583 217.272 9.60995e+06
97500 303.732 145.511 217.412 9.60881e+06
98000 303.78 145.464 217.483 9.61038e+06
98500 303.766 145.549 217.37 9.6106e+06
99000 303.833 145.504 217.25 9.60442e+06
99500 303.809 145.534 217.248 9.60551e+06
100000 303.785 145.55 217.264 9.60652e+06
100500 303.759 145.621 217.303 9.61209e+06
101000 303.749 145.555 217.358 9.60989e+06
101500 303.891 145.659 217.244 9.61621e+06
102000 303.933 145.571 217.265 9.61264e+06
102500 303.8 145.587 217.368 9.61404e+06
103000 303.929 145.528 217.278 9.61024e+06
103500 303.843 145.612 217.134 9.60667e+06
104000 303.778 145.607 217.218 9.608e+06
104500 303.849 145.581 217.265 9.61065e+06
105000 304.017 145.632 217.255 9.61889e+06
105500 303.942 145.713 217.207 9.61969e+06
106000 303.823 145.734 217.279 9.62052e+06
106500 303.745 145.609 217.426 9.6163e+06
107000 303.814 145.63 217.247 9.61195e+06
107500 303.763 145.669 217.232 9.61228e+06
108000 303.862 145.568 217.292 9.61139e+06
108500 303.911 145.583 217.315 9.61492e+06
109000 303.894 145.559 217.247 9.60981e+06
109500 303.886 145.633 217.18 9.61148e+06
110000 303.793 145.628 217.179 9.6082e+06
110500 303.788 145.537 217.282 9.60652e+06
111000 303.77 145.486 217.342 9.60532e+06
111500 303.683 145.595 217.257 9.60595e+06
112000 303.754 145.623 217.273 9.61081e+06
112500 303.757 145.609 217.366 9.61402e+06
113000 303.76 145.634 217.315 9.61355e+06
113500 303.833 145.593 217.385 9.6162e+06
114000 303.743 145.547 217.459 9.61361e+06
114500 303.802 145.528 217.345 9.60923e+06
115000 303.891 145.595 217.182 9.60923e+06
115500 303.876 145.596 217.216 9.61031e+06
116000 303.845 145.536 217.33 9.61047e+06
116500 303.825 145.507 217.336 9.60811e+06
117000 303.644 145.492 217.459 9.60689e+06
117500 303.686 145.542 217.366 9.60739e+06
118000 303.663 145.548 217.304 9.60431e+06
118500 303.787 145.519 217.499 9.61493e+06
119000 303.761 145.499 217.506 9.61311e+06
119500 303.718 145.472 217.341 9.60263e+06
120000 303.77 145.456 217.286 9.60084e+06
120500 303.702 145.442 217.424 9.60388e+06
121000 303.877 145.472 217.46 9.61289e+06
121500 303.915 145.544 217.293 9.61149e+06
122000 303.883 145.644 217.221 9.6139e+06
122500 303.753 145.567 217.4 9.61265e+06
123000 303.809 145.489 217.426 9.61041e+06
123500 303.865 145.55 217.221 9.60713e+06
124000 303.699 145.616 217.207 9.60565e+06
124500 303.694 145.519 217.397 9.6075e+06
125000 303.65 145.447 217.47 9.6045e+06
125500 303.594 145.406 217.478 9.60042e+06
126000 303.597 145.455 217.384 9.59961e+06
126500 303.631 145.591 217.237 9.60316e+06
127000 303.643 145.461 217.306 9.59806e+06
127500 303.535 145.424 217.511 9.6012e+06
128000 303.662 145.403 217.413 9.5995e+06
128500 303.687 145.504 217.251 9.59986e+06
129000 303.688 145.402 217.392 9.59932e+06
129500 303.648 145.385 217.492 9.60134e+06
130000 303.632 145.387 217.536 9.60291e+06
130500 303.635 145.408 217.404 9.59857e+06
131000 303.615 145.403 217.353 9.59542e+06
131500 303.607 145.37 217.439 9.59672e+06
132000 303.537 145.384 217.543 9.60005e+06
132500 303.651 145.298 217.482 9.5953e+06
133000 303.518 145.341 217.47 9.59342e+06
133500 303.53 145.358 217.379 9.59092e+06
134000 303.496 145.374 217.431 9.59317e+06
134500 303.688 145.387 217.404 9.59889e+06
135000 303.619 145.505 217.324 9.60098e+06
135500 303.689 145.468 217.383 9.60334e+06
136000 303.593 145.514 217.391 9.6037e+06
136500 303.715 145.532 217.363 9.60749e+06
137000 303.717 145.462 217.291 9.59978e+06
137500 303.706 145.573 217.293 9.60684e+06
138000 303.797 145.475 217.371 9.6067e+06
138500 303.72 145.567 217.263 9.60557e+06
139000 303.665 145.615 217.254 9.6066e+06
139500 303.771 145.523 217.287 9.60533e+06
140000 303.85 145.607 217.265 9.61238e+06
140500 303.873 145.634 217.225 9.61311e+06
141000 303.908 145.64 217.278 9.61697e+06
141500 303.82 145.586 217.348 9.61375e+06
142000 303.836 145.628 217.214 9.61102e+06
142500 303.866 145.605 217.096 9.60528e+06
143000 303.81 145.564 217.169 9.60406e+06
143500 303.82 145.548 217.274 9.60794e+06
144000 303.806 145.563 217.303 9.6098e+06
144500 303.872 145.631 217.23 9.61317e+06
145000 303.95 145.597 217.248 9.61413e+06
145500 303.945 145.614 217.284 9.6167e+06
146000 303.903 145.598 217.361 9.61775e+06
146500 303.833 145.647 217.282 9.6152e+06
147000 303.923 145.712 217.182 9.61801e+06
147500 303.967 145.696 217.107 9.61493e+06
148000 304.061 145.779 217.117 9.62388e+06
148500 303.984 145.776 217.262 9.62763e+06
149000 304.012 145.749 217.169 9.62266e+06
149500 303.914 145.701 217.202 9.61788e+06
150000 303.952 145.73 217.131 9.61781e+06
150500 303.896 145.806 217.073 9.6185e+06
151000 303.856 145.705 217.139 9.61346e+06
151500 303.92 145.62 217.201 9.6126e+06
152000 303.86 145.62 217.214 9.61129e+06
152500 303.981 145.64 217.043 9.60883e+06
153000 303.89 145.73 217.02 9.61092e+06
153500 303.961 145.717 217.066 9.61433e+06
154000 303.892 145.651 217.184 9.61305e+06
154500 303.838 145.703 217.142 9.61289e+06
155000 303.913 145.684 217.065 9.61066e+06
155500 303.888 145.639 217.078 9.6074e+06
156000 304.02 145.635 217.027 9.6091e+06
156500 303.992 145.702 217.033 9.61286e+06
157000 303.944 145.628 217.199 9.61378e+06
157500 303.907 145.561 217.17 9.60695e+06
158000 303.848 145.606 217.035 9.60208e+06
158500 303.927 145.665 217.111 9.61181e+06
159000 303.895 145.559 217.269 9.61081e+06
159500 303.893 145.534 217.174 9.60492e+06
160000 303.795 145.567 217.222 9.60609e+06
160500 303.805 145.504 217.362 9.60845e+06
161000 303.788 145.486 217.32 9.60487e+06
161500 303.748 145.544 217.357 9.60909e+06
162000 303.793 145.556 217.349 9.61094e+06
162500 303.899 145.555 217.26 9.61028e+06
163000 303.851 145.595 217.2 9.60875e+06
163500 303.787 145.592 217.143 9.604e+06
164000 303.743 145.57 217.331 9.60947e+06
164500 303.714 145.481 217.483 9.60939e+06
165000 303.723 145.53 217.298 9.60478e+06
165500 303.716 145.492 217.346 9.60415e+06
166000 303.7 145.454 217.422 9.60445e+06
166500 303.751 145.462 217.34 9.60302e+06
167000 303.751 145.476 217.319 9.60297e+06
167500 303.805 145.438 217.345 9.60338e+06
168000 303.779 145.583 217.299 9.61004e+06
168500 303.921 145.62 217.223 9.61362e+06
169000 303.867 145.577 217.295 9.61227e+06
169500 303.911 145.555 217.258 9.61055e+06
170000 303.8 145.555 217.337 9.61057e+06
170500 303.695 145.573 217.338 9.60849e+06
171000 303.799 145.617 217.269 9.61164e+06
171500 303.784 145.553 217.298 9.60819e+06
172000 303.777 145.487 217.357 9.60621e+06
172500 303.765 145.457 217.303 9.60154e+06
173000 303.724 145.545 217.229 9.60274e+06
173500 303.736 145.47 217.279 9.60033e+06
174000 303.751 145.416 217.419 9.60347e+06
174500 303.82 145.463 217.316 9.60419e+06
175000 303.776 145.563 217.05 9.59763e+06
175500 303.806 145.574 217.178 9.60499e+06
176000 303.79 145.437 217.37 9.60387e+06
176500 303.79 145.446 217.374 9.6047e+06
177000 303.856 145.473 217.243 9.60274e+06
177500 303.856 145.483 217.274 9.60478e+06
178000 303.862 145.414 217.323 9.60255e+06
178500 303.84 145.429 217.3 9.60182e+06
179000 303.726 145.416 217.4 9.60182e+06
179500 303.786 145.365 217.42 9.60119e+06
180000 303.751 145.361 217.421 9.59989e+06
180500 303.728 145.364 217.475 9.6018e+06
181000 303.646 145.346 217.418 9.59544e+06
181500 303.637 145.457 217.254 9.59523e+06
182000 303.596 145.361 217.264 9.58808e+06
182500 303.648 145.348 217.412 9.59541e+06
183000 303.694 145.263 217.426 9.59186e+06
183500 303.695 145.328 217.359 9.59322e+06
184000 303.693 145.339 217.362 9.59401e+06
184500 303.68 145.335 217.364 9.59342e+06
185000 303.727 145.374 217.251 9.59246e+06
185500 303.757 145.471 217.205 9.59785e+06
186000 303.72 145.38 217.309 9.59527e+06
186500 303.795 145.394 217.355 9.60056e+06
187000 303.76 145.403 217.302 9.59769e+06
187500 303.794 145.429 217.173 9.59477e+06
188000 303.764 145.455 217.164 9.59516e+06
188500 303.723 145.4 217.308 9.59658e+06
189000 303.691 145.384 217.376 9.59751e+06
189500 303.858 145.411 217.279 9.6003e+06
190000 303.793 145.387 217.276 9.5965e+06
190500 303.646 145.428 217.446 9.60217e+06
191000 303.679 145.432 217.431 9.60278e+06
191500 303.735 145.411 217.342 9.59921e+06
192000 303.782 145.423 217.218 9.59605e+06
192500 303.761 145.444 217.217 9.59665e+06
193000 303.84 145.478 217.304 9.60525e+06
193500 303.761 145.4 217.389 9.60141e+06
194000 303.822 145.365 217.359 9.59967e+06
194500 303.786 145.394 217.331 9.59921e+06
195000 303.706 145.368 217.452 9.60031e+06
195500 303.737 145.35 217.436 9.59938e+06
196000 303.699 145.367 217.371 9.59642e+06
196500 303.817 145.45 217.332 9.60397e+06
197000 303.827 145.415 217.264 9.5989e+06
197500 303.764 145.404 217.3 9.59778e+06
198000 303.723 145.399 217.318 9.59698e+06
198500 303.721 145.413 217.296 9.59685e+06
199000 303.72 145.37 217.359 9.59681e+06
199500 303.754 145.341 217.464 9.60054e+06
200000 303.84 145.379 217.433 9.6044e+06
