# Time-averaged data for fix vv
# TimeStep v_l1 v_l2 v_l3 v_vs
500 153.541 75.075 217.195 2.50362e+06
1000 153.721 73.8098 217 2.4621e+06
1500 153.657 73.426 216.907 2.44724e+06
2000 153.322 73.2664 216.727 2.43457e+06
2500 153.111 73.1655 216.257 2.42261e+06
3000 153.149 73.1024 216.153 2.41995e+06
3500 153.204 72.9875 216.387 2.41963e+06
4000 153.253 72.9731 216.526 2.42148e+06
4500 153.249 72.9348 216.726 2.42239e+06
5000 153.196 72.8982 216.725 2.42031e+06
5500 152.999 72.8864 216.495 2.41426e+06
6000 152.994 72.8907 216.272 2.41183e+06
6500 152.889 72.8844 216.366 2.411e+06
7000 152.961 72.8244 216.44 2.41099e+06
7500 152.937 72.8432 216.537 2.41231e+06
8000 152.973 72.8601 216.585 2.41397e+06
8500 152.952 72.8047 216.742 2.41356e+06
9000 152.775 72.8362 216.8 2.41246e+06
9500 152.671 72.8542 216.741 2.41075e+06
10000 152.773 72.8485 216.46 2.40904e+06
10500 152.805 72.9551 216.432 2.41277e+06
11000 152.869 72.8697 216.673 2.41363e+06
11500 152.946 72.8675 216.574 2.41367e+06
12000 152.806 72.952 216.718 2.41587e+06
12500 152.741 72.9363 216.857 2.41587e+06
13000 152.667 72.9187 216.68 2.41214e+06
13500 152.652 72.8549 216.685 2.40985e+06
14000 152.708 72.8928 216.7 2.41216e+06
14500 152.621 72.8714 216.452 2.40732e+06
15000 152.682 72.8809 216.552 2.4097e+06
15500 152.707 72.7793 216.907 2.4107e+06
16000 152.67 72.9576 216.523 2.41172e+06
16500 152.692 72.8881 216.515 2.40969e+06
17000 152.693 72.8969 216.54 2.41028e+06
17500 152.64 72.8562 216.419 2.40674e+06
18000 152.579 72.7919 216.814 2.40804e+06
18500 152.619 72.7825 216.927 2.40962e+06
19000 152.57 72.875 216.622 2.40853e+06
19500 152.613 72.8495 216.626 2.40841e+06
20000 152.671 72.892 216.76 2.41221e+06
20500 152.58 72.8293 216.772 2.40883e+06
21000 152.646 72.895 216.51 2.40913e+06
21500 152.519 72.9328 216.576 2.40912e+06
22000 152.516 72.7921 216.84 2.40735e+06
22500 152.551 72.8053 216.898 2.40897e+06
23000 152.522 72.878 216.875 2.41067e+06
23500 152.674 72.8978 216.612 2.4108e+06
24000 152.741 72.8908 216.56 2.41106e+06
24500 152.682 72.8371 216.763 2.41061e+06
25000 152.584 72.8757 216.712 2.40977e+06
25500 152.611 72.851 216.379 2.40567e+06
26000 152.714 72.8665 216.503 2.40919e+06
26500 152.75 72.7702 216.78 2.40966e+06
27000 152.671 72.9035 216.547 2.41022e+06
27500 152.61 72.8792 216.472 2.40761e+06
28000 152.555 72.8338 216.862 2.4096e+06
28500 152.605 72.7637 216.757 2.40689e+06
29000 152.663 72.7741 216.627 2.40671e+06
29500 152.686 72.8535 216.598 2.40938e+06
30000 152.744 72.8024 216.666 2.40936e+06
30500 152.913 72.7605 216.64 2.41034e+06
31000 152.785 72.7074 216.747 2.40775e+06
31500 152.715 72.8829 216.535 2.4101e+06
32000 152.763 72.8558 216.391 2.40837e+06
32500 152.831 72.8464 216.419 2.40943e+06
33000 152.725 72.8399 216.77 2.41146e+06
33500 152.806 72.7957 216.691 2.41039e+06
34000 152.657 72.8719 216.669 2.41032e+06
34500 152.626 72.8596 216.872 2.41168e+06
35000 152.626 72.865 216.797 2.41102e+06
35500 152.661 72.8528 216.609 2.40908e+06
36000 152.731 72.8912 216.642 2.41182e+06
36500 152.738 72.8964 216.578 2.41139e+06
37000 152.722 72.8406 216.603 2.40956e+06
37500 152.698 72.8897 216.536 2.41006e+06
38000 152.669 72.8254 216.633 2.40857e+06
38500 152.714 72.8376 216.483 2.40801e+06
39000 152.639 72.8335 216.458 2.40642e+06
39500 152.709 72.7853 216.608 2.40758e+06
40000 152.592 72.7872 216.924 2.40932e+06
40500 152.659 72.7393 216.956 2.40914e+06
41000 152.754 72.8181 216.797 2.41149e+06
41500 152.687 72.7839 216.943 2.41092e+06
42000 152.585 72.851 216.806 2.41001e+06
42500 152.476 72.8379 216.777 2.40753e+06
43000 152.45 72.7746 216.725 2.40445e+06
43500 152.556 72.8161 216.56 2.40565e+06
44000 152.712 72.8428 216.428 2.40754e+06
44500 152.777 72.8426 216.613 2.41062e+06
45000 152.805 72.8124 216.63 2.41024e+06
45500 152.8 72.8905 216.585 2.41225e+06
46000 152.735 72.9137 216.739 2.41372e+06
46500 152.611 72.8794 216.962 2.4131e+06
47000 152.665 72.9087 216.563 2.41048e+06
47500 152.659 72.9078 216.496 2.40961e+06
48000 152.676 72.8143 216.755 2.40967e+06
48500 152.711 72.8498 216.529 2.40888e+06
49000 152.718 72.8172 216.633 2.40907e+06
49500 152.764 72.8127 216.798 2.41148e+06
50000 152.763 72.7796 216.627 2.40847e+06
50500 152.699 72.8694 216.44 2.40835e+06
51000 152.666 72.9106 216.508 2.40993e+06
51500 152.814 72.8982 216.439 2.4111e+06
52000 152.757 72.8651 216.545 2.41029e+06
52500 152.705 72.7611 216.647 2.40716e+06
53000 152.68 72.8626 216.603 2.40964e+06
53500 152.726 72.8289 216.529 2.40842e+06
54000 152.707 72.8268 216.705 2.41e+06
54500 152.702 72.782 216.722 2.40864e+06
55000 152.704 72.7556 216.769 2.40832e+06
55500 152.604 72.821 216.609 2.40714e+06
56000 152.587 72.7831 216.877 2.40859e+06
56500 152.623 72.7979 216.959 2.41055e+06
57000 152.62 72.8383 216.686 2.40881e+06
57500 152.81 72.8427 216.486 2.40972e+06
58000 152.808 72.8877 216.542 2.41181e+06
58500 152.71 72.8011 216.817 2.41046e+06
59000 152.649 72.7975 216.654 2.40756e+06
59500 152.672 72.7408 216.812 2.4078e+06
60000 152.717 72.8065 216.539 2.40764e+06
60500 152.816 72.8294 216.268 2.40695e+06
61000 152.748 72.8365 216.607 2.40989e+06
61500 152.693 72.7877 216.837 2.40996e+06
62000 152.617 72.7078 216.827 2.40602e+06
62500 152.661 72.7354 216.653 2.40568e+06
63000 152.598 72.6929 216.78 2.40469e+06
63500 152.563 72.6982 216.868 2.40529e+06
64000 152.511 72.7724 216.644 2.40444e+06
64500 152.504 72.8052 216.515 2.40397e+06
65000 152.513 72.723 216.787 2.40442e+06
65500 152.639 72.8104 216.884 2.41039e+06
66000 152.749 72.7734 216.74 2.4093e+06
66500 152.722 72.8625 216.39 2.40792e+06
67000 152.743 72.8696 216.493 2.40962e+06
67500 152.727 72.819 216.65 2.40946e+06
68000 152.642 72.8022 216.717 2.40831e+06
68500 152.672 72.8802 216.57 2.40973e+06
69000 152.628 72.7983 216.612 2.40678e+06
69500 152.663 72.7448 216.798 2.40763e+06
70000 152.545 72.7703 216.799 2.40663e+06
70500 152.54 72.738 216.688 2.40424e+06
71000 152.539 72.653 216.952 2.40434e+06
71500 152.543 72.6529 216.956 2.40446e+06
72000 152.667 72.6766 216.634 2.40361e+06
72500 152.728 72.6637 216.721 2.40513e+06
73000 152.762 72.7983 216.666 2.4095e+06
73500 152.751 72.7444 216.788 2.4089e+06
74000 152.818 72.7907 216.57 2.40907e+06
74500 152.773 72.8135 216.614 2.40961e+06
75000 152.741 72.8561 216.478 2.40899e+06
75500 152.631 72.8404 216.582 2.40789e+06
76000 152.734 72.7345 216.59 2.40611e+06
76500 152.728 72.7939 216.379 2.40562e+06
77000 152.792 72.8405 216.403 2.40845e+06
77500 152.734 72.8294 216.783 2.41139e+06
78000 152.712 72.835 216.739 2.41074e+06
78500 152.723 72.8891 216.433 2.4093e+06
79000 152.604 72.8731 216.418 2.40673e+06
79500 152.601 72.814 216.545 2.40615e+06
80000 152.639 72.7759 216.666 2.40681e+06
80500 152.585 72.7773 216.836 2.40791e+06
81000 152.689 72.8209 216.651 2.40894e+06
81500 152.601 72.8241 216.617 2.40727e+06
82000 152.592 72.7637 216.583 2.40476e+06
82500 152.631 72.8325 216.521 2.40695e+06
83000 152.661 72.8623 216.673 2.4101e+06
83500 152.791 72.7561 216.667 2.40857e+06
84000 152.728 72.7251 216.859 2.40869e+06
84500 152.62 72.6905 217.053 2.40799e+06
85000 152.654 72.8085 216.541 2.40674e+06
85500 152.592 72.7661 216.728 2.40645e+06
86000 152.585 72.7139 216.891 2.40641e+06
86500 152.71 72.8037 216.677 2.40899e+06
87000 152.695 72.8413 216.553 2.4086e+06
87500 152.762 72.7478 216.471 2.40566e+06
88000 152.704 72.6951 216.692 2.40546e+06
88500 152.611 72.6971 216.946 2.40689e+06
89000 152.567 72.7353 216.784 2.40565e+06
89500 152.626 72.7763 216.372 2.40336e+06
90000 152.642 72.7609 216.433 2.40378e+06
90500 152.794 72.6502 216.564 2.40397e+06
91000 152.713 72.6571 216.917 2.40685e+06
91500 152.727 72.7041 216.588 2.40496e+06
92000 152.622 72.7803 216.464 2.40445e+06
92500 152.623 72.7132 216.654 2.40437e+06
93000 152.597 72.725 216.874 2.40678e+06
93500 152.636 72.6906 216.722 2.40458e+06
94000 152.61 72.6755 216.621 2.40255e+06
94500 152.612 72.6986 216.722 2.40446e+06
95000 152.601 72.5896 216.945 2.40315e+06
95500 152.609 72.6839 216.757 2.40432e+06
96000 152.687 72.7576 216.487 2.40498e+06
96500 152.759 72.7462 216.491 2.40579e+06
97000 152.674 72.7388 216.521 2.40454e+06
97500 152.647 72.7843 216.26 2.40272e+06
98000 152.736 72.6819 216.565 2.40413e+06
98500 152.611 72.6388 216.784 2.40316e+06
99000 152.554 72.7599 216.503 2.40314e+06
99500 152.607 72.7313 216.684 2.40504e+06
100000 152.579 72.6987 216.83 2.40513e+06
100500 152.682 72.7623 216.531 2.40554e+06
101000 152.605 72.7068 216.593 2.40319e+06
101500 152.596 72.6918 216.901 2.40598e+06
102000 152.534 72.7265 216.823 2.40528e+06
102500 152.531 72.6933 216.486 2.40038e+06
103000 152.638 72.7759 216.364 2.40344e+06
103500 152.58 72.7851 216.557 2.40498e+06
104000 152.69 72.7907 216.596 2.40734e+06
104500 152.628 72.6777 216.848 2.40542e+06
105000 152.753 72.7216 216.679 2.40696e+06
105500 152.714 72.8215 216.638 2.40919e+06
106000 152.684 72.7469 216.595 2.40579e+06
106500 152.684 72.7532 216.404 2.40387e+06
107000 152.667 72.8009 216.492 2.40615e+06
107500 152.584 72.7773 216.628 2.40557e+06
108000 152.582 72.8218 216.513 2.40574e+06
108500 152.736 72.7511 216.561 2.40636e+06
109000 152.77 72.7844 216.598 2.40841e+06
109500 152.781 72.8062 216.461 2.4078e+06
110000 152.797 72.7483 216.493 2.40648e+06
110500 152.707 72.6575 216.816 2.40564e+06
111000 152.561 72.7346 216.862 2.4064e+06
111500 152.626 72.7801 216.625 2.40631e+06
112000 152.712 72.7583 216.528 2.40586e+06
112500 152.739 72.8453 216.547 2.40938e+06
113000 152.822 72.793 216.45 2.40786e+06
113500 152.758 72.8204 216.533 2.4087e+06
114000 152.78 72.796 216.515 2.40804e+06
114500 152.83 72.9253 216.171 2.40926e+06
115000 152.804 72.8911 216.344 2.40965e+06
115500 152.782 72.8261 216.499 2.40888e+06
116000 152.827 72.7925 216.356 2.40688e+06
116500 152.763 72.9137 216.294 2.4092e+06
117000 152.708 72.9228 216.397 2.40978e+06
117500 152.706 72.8371 216.531 2.40839e+06
118000 152.717 72.8219 216.66 2.4095e+06
118500 152.74 72.8901 216.407 2.4093e+06
119000 152.788 72.8286 216.344 2.40734e+06
119500 152.69 72.8619 216.451 2.40808e+06
120000 152.622 72.811 216.798 2.40919e+06
120500 152.666 72.8243 216.38 2.40566e+06
121000 152.721 72.8914 216.083 2.40545e+06
121500 152.665 72.8832 216.398 2.40781e+06
122000 152.708 72.8241 216.645 2.40927e+06
122500 152.71 72.7602 216.648 2.40722e+06
123000 152.639 72.8271 216.469 2.40632e+06
123500 152.695 72.8712 216.425 2.40818e+06
124000 152.578 72.8057 216.497 2.40496e+06
124500 152.574 72.7817 216.671 2.40604e+06
125000 152.712 72.7368 216.499 2.40482e+06
125500 152.695 72.7982 216.506 2.40667e+06
126000 152.639 72.8032 216.456 2.40539e+06
126500 152.692 72.7159 216.494 2.40375e+06
127000 152.678 72.8758 216.548 2.40943e+06
127500 152.703 72.8153 216.563 2.40798e+06
128000 152.652 72.8166 216.582 2.40744e+06
128500 152.607 72.7679 216.736 2.40682e+06
129000 152.698 72.7362 216.511 2.40472e+06
129500 152.683 72.6955 216.456 2.40253e+06
130000 152.703 72.6995 216.601 2.40458e+06
130500 152.681 72.7925 216.653 2.40789e+06
131000 152.692 72.8193 216.744 2.40996e+06
131500 152.69 72.8131 216.715 2.4094e+06
132000 152.587 72.7856 216.75 2.40726e+06
132500 152.641 72.8447 216.515 2.40746e+06
133000 152.466 72.771 216.489 2.40198e+06
133500 152.58 72.7182 216.647 2.40378e+06
134000 152.639 72.6531 216.784 2.40406e+06
134500 152.717 72.6817 216.656 2.40483e+06
135000 152.533 72.7119 216.618 2.40251e+06
135500 152.498 72.6743 216.659 2.40117e+06
136000 152.485 72.6705 216.675 2.401e+06
136500 152.571 72.7782 216.62 2.40531e+06
137000 152.54 72.6835 216.66 2.40215e+06
137500 152.586 72.8085 216.414 2.40427e+06
138000 152.576 72.6804 216.679 2.40282e+06
138500 152.684 72.7193 216.702 2.40606e+06
139000 152.655 72.8087 216.47 2.40599e+06
139500 152.572 72.8124 216.397 2.40398e+06
140000 152.716 72.7774 216.586 2.40719e+06
140500 152.687 72.7503 216.564 2.4056e+06
141000 152.715 72.7828 216.284 2.404e+06
141500 152.713 72.7709 216.425 2.40515e+06
142000 152.639 72.7306 216.714 2.40585e+06
142500 152.828 72.7059 216.477 2.40538e+06
143000 152.736 72.8372 216.259 2.40584e+06
143500 152.799 72.7666 216.336 2.40537e+06
144000 152.688 72.8347 216.4 2.40658e+06
144500 152.674 72.8273 216.368 2.40577e+06
145000 152.624 72.848 216.491 2.40703e+06
145500 152.7 72.8414 216.336 2.40627e+06
146000 152.711 72.7633 216.501 2.40571e+06
146500 152.829 72.7771 216.338 2.40621e+06
147000 152.768 72.868 216.263 2.40741e+06
147500 152.76 72.8308 216.392 2.4075e+06
148000 152.686 72.8496 216.549 2.40869e+06
148500 152.646 72.9071 216.198 2.40606e+06
149000 152.747 72.9209 216.211 2.40826e+06
149500 152.745 72.7996 216.527 2.40772e+06
150000 152.797 72.841 216.31 2.40751e+06
150500 152.742 72.8706 216.154 2.40589e+06
151000 152.65 72.8509 216.272 2.40509e+06
151500 152.716 72.7834 216.592 2.40745e+06
152000 152.61 72.839 216.58 2.4075e+06
152500 152.597 72.7674 216.445 2.40342e+06
153000 152.646 72.7598 216.478 2.4043e+06
153500 152.672 72.8087 216.354 2.40496e+06
154000 152.622 72.9054 216.311 2.40689e+06
154500 152.671 72.8645 216.448 2.40783e+06
155000 152.594 72.8177 216.533 2.40601e+06
155500 152.702 72.8232 216.485 2.40737e+06
156000 152.728 72.7803 216.539 2.40696e+06
156500 152.768 72.8146 216.421 2.4074e+06
157000 152.688 72.7788 216.638 2.40738e+06
157500 152.77 72.8239 216.357 2.40703e+06
158000 152.705 72.8998 216.395 2.40894e+06
158500 152.698 72.7667 216.612 2.40684e+06
159000 152.683 72.7843 216.504 2.406e+06
159500 152.733 72.8428 216.27 2.4061e+06
160000 152.744 72.8486 216.201 2.40571e+06
160500 152.749 72.7684 216.394 2.40528e+06
161000 152.785 72.7276 216.406 2.40463e+06
161500 152.663 72.8336 216.392 2.40606e+06
162000 152.688 72.7279 216.584 2.4051e+06
162500 152.535 72.7316 216.751 2.40466e+06
163000 152.684 72.6553 216.578 2.40256e+06
163500 152.595 72.7074 216.674 2.40395e+06
164000 152.65 72.7593 216.531 2.40494e+06
164500 152.675 72.6939 216.518 2.40303e+06
165000 152.678 72.734 216.519 2.40442e+06
165500 152.653 72.7524 216.39 2.4032e+06
166000 152.722 72.8324 216.163 2.4044e+06
166500 152.679 72.7908 216.47 2.40577e+06
167000 152.706 72.765 216.569 2.40644e+06
167500 152.624 72.7817 216.322 2.40295e+06
168000 152.667 72.8668 216.158 2.40462e+06
168500 152.656 72.7233 216.511 2.40362e+06
169000 152.638 72.7966 216.637 2.40717e+06
169500 152.716 72.8281 216.299 2.40568e+06
170000 152.568 72.8492 216.557 2.40691e+06
170500 152.677 72.8288 216.554 2.40792e+06
171000 152.603 72.7586 216.608 2.40504e+06
171500 152.694 72.7982 216.184 2.40307e+06
172000 152.758 72.7833 216.351 2.40545e+06
172500 152.723 72.7979 216.434 2.40629e+06
173000 152.753 72.8396 216.215 2.4057e+06
173500 152.639 72.8173 216.428 2.40554e+06
174000 152.656 72.8207 216.451 2.40618e+06
174500 152.656 72.8555 216.281 2.40544e+06
175000 152.775 72.8693 216.219 2.40707e+06
175500 152.831 72.8317 216.405 2.40879e+06
176000 152.702 72.7637 216.56 2.40623e+06
176500 152.709 72.7733 216.527 2.40629e+06
177000 152.744 72.8148 216.509 2.40802e+06
177500 152.691 72.8007 216.326 2.40469e+06
178000 152.723 72.7548 216.344 2.40387e+06
178500 152.655 72.7432 216.534 2.40452e+06
179000 152.643 72.7108 216.406 2.40185e+06
179500 152.623 72.6912 216.294 2.39964e+06
180000 152.528 72.6745 216.584 2.40081e+06
180500 152.571 72.6485 216.604 2.40085e+06
181000 152.684 72.6935 216.398 2.40182e+06
181500 152.628 72.7776 216.439 2.40419e+06
182000 152.55 72.6159 216.898 2.4027e+06
182500 152.539 72.6596 216.636 2.40108e+06
183000 152.548 72.7108 216.482 2.40119e+06
183500 152.658 72.638 216.544 2.4012e+06
184000 152.526 72.6575 216.805 2.40268e+06
184500 152.584 72.6452 216.642 2.40137e+06
185000 152.511 72.5614 216.633 2.39735e+06
185500 152.456 72.5815 216.801 2.399e+06
186000 152.413 72.6297 216.771 2.3996e+06
186500 152.433 72.5916 216.777 2.39872e+06
187000 152.432 72.64 217.093 2.40381e+06
187500 152.551 72.6825 216.978 2.4058e+06
188000 152.657 72.6842 216.384 2.40094e+06
188500 152.716 72.6523 216.457 2.40163e+06
189000 152.608 72.652 216.576 2.40124e+06
189500 152.526 72.6521 216.46 2.39866e+06
190000 152.585 72.6055 216.444 2.39787e+06
190500 152.602 72.6672 216.634 2.40228e+06
191000 152.579 72.6507 216.609 2.40111e+06
191500 152.599 72.6643 216.608 2.40186e+06
192000 152.605 72.6235 216.745 2.40212e+06
192500 152.547 72.6773 216.7 2.40249e+06
193000 152.436 72.6854 216.595 2.39985e+06
193500 152.445 72.6143 216.875 2.40074e+06
194000 152.515 72.6697 216.944 2.40444e+06
194500 152.539 72.6966 216.795 2.40405e+06
195000 152.487 72.7069 216.969 2.4055e+06
195500 152.561 72.686 216.932 2.40557e+06
196000 152.627 72.7265 216.721 2.4056e+06
196500 152.607 72.7525 216.659 2.40547e+06
197000 152.587 72.7591 216.608 2.4048e+06
197500 152.578 72.6865 216.87 2.40517e+06
198000 152.478 72.7413 216.748 2.40405e+06
198500 152.499 72.7719 216.51 2.40275e+06
199000 152.566 72.7336 216.541 2.40288e+06
199500 152.602 72.6795 216.82 2.40476e+06
200000 152.596 72.6425 216.835 2.40361e+06
