# Time-averaged data for fix 3
# TimeStep c_st[0] c_st[1] c_st[2] c_st[3] c_st[4] c_st[5] c_st[6]
500 -53.4109 -19.42 -149.05 8.23729 -0.530989 -134.455 6.50149
1000 -2.97769 -3.8312 -10.2832 5.18136 -6.55704 -96.2816 7.74934
1500 0.0431633 -0.640511 -0.695952 1.46595 -2.11832 -85.0257 -2.48113
2000 -0.58299 -2.41354 -0.517412 1.18198 -4.76678 -4.06717 -1.3144
2500 0.930934 3.17957 -1.25195 0.865175 11.5105 30.5434 -5.42937
3000 0.6629 1.69185 2.15982 -1.86296 -10.0174 28.8075 14.7988
3500 1.58912 -0.215333 1.12963 3.85305 -2.16691 -24.3442 31.4612
4000 3.06648 4.3296 2.34846 2.52138 -1.1143 -45.4796 20.7564
4500 -0.0222537 0.425416 -1.66793 1.17575 -0.542273 -57.9087 29.9252
5000 0.746484 0.0407923 0.978494 1.22017 0.0964265 -72.0115 17.0828
5500 -1.16219 -3.3043 -0.946073 0.763804 -3.92058 -60.9971 -2.52116
6000 1.26372 3.2024 0.845334 -0.256579 -5.11318 -24.8027 8.19365
6500 0.899729 1.43004 -0.28652 1.55566 -7.87235 -14.3855 2.9009
7000 0.592244 2.18214 1.84725 -2.25266 -6.72097 -16.4999 14.2292
7500 2.61105 0.371994 4.43214 3.029 -7.43312 -11.6012 16.3544
8000 1.76008 2.25483 0.48084 2.54457 -6.27739 -34.4579 23.0936
8500 -1.81468 -0.316931 -2.47945 -2.64766 -11.4752 -13.6649 4.95323
9000 2.28879 1.77608 1.41434 3.67594 -11.0514 -9.3929 14.6279
9500 0.83162 1.93468 0.155498 0.40468 6.57242 -33.2282 11.7042
10000 -0.186874 -1.37649 0.667384 0.148482 2.36561 -12.7021 0.0487675
10500 2.31399 2.76073 2.40549 1.77574 -1.79186 -30.2399 3.22125
11000 0.0112646 -0.697255 -0.112512 0.843561 -7.8194 -51.8857 -6.28259
11500 2.00519 1.36823 3.81411 0.833225 -3.60375 -18.8578 -7.13057
12000 -0.25425 1.50019 -1.70874 -0.5542 5.18563 -33.8242 -14.1223
12500 3.42024 3.39914 3.6545 3.20709 -6.80559 -27.3606 -15.2
13000 -1.93404 -0.555629 -4.52699 -0.719486 1.16279 -22.4462 2.39716
13500 4.06509 2.33905 5.84231 4.01391 -6.44416 3.23743 15.237
14000 -0.732706 -1.1569 0.0597841 -1.10101 3.34905 -11.5826 27.3557
14500 1.54907 3.37512 -1.97983 3.25193 12.635 -35.5669 11.3914
15000 -0.0811203 -1.48298 3.06202 -1.8224 11.3993 -39.6177 -2.4657
15500 2.18986 1.03821 3.30689 2.22448 10.0555 -31.1197 -6.97094
16000 -0.453253 0.951311 -1.11224 -1.19883 9.34924 26.9269 -0.030718
16500 0.978214 2.0258 -2.09182 3.00067 -0.538132 20.8271 -3.60128
17000 0.633212 -0.565071 3.41369 -0.948983 -5.04095 5.96455 7.64244
17500 1.50501 2.36218 1.42179 0.731064 8.20977 -22.575 14.6033
18000 1.24041 -0.384025 2.56842 1.53683 5.09636 -53.5009 8.69047
18500 -0.540408 1.69436 -4.28061 0.965022 -5.72842 -9.87075 -4.85941
19000 2.88787 -0.962683 5.00154 4.62474 10.9005 -22.7703 4.18462
19500 0.275876 0.628593 1.50654 -1.3075 10.3123 -0.166495 -6.05397
20000 0.785642 1.19639 0.0404745 1.12006 3.13206 45.6644 -4.15778
20500 1.43979 3.20467 0.513195 0.601505 7.95933 52.4677 1.9473
21000 1.04365 0.747311 0.432894 1.95075 -4.13337 1.01027 3.048
21500 1.63316 -0.517922 3.3034 2.11401 3.31305 -37.0874 6.90105
22000 0.564041 -0.0914125 2.19897 -0.415433 3.97859 -14.2271 1.29259
22500 1.04855 1.12871 0.528289 1.48864 -2.87545 -18.0065 -7.06025
23000 1.45299 3.2989 -0.334427 1.39449 5.15568 -7.73279 -6.78585
23500 -0.404067 -1.2592 -0.123272 0.17027 -3.8923 -7.3904 -14.1276
24000 1.70635 1.68165 2.59679 0.840601 -7.24593 -4.70764 -18.0885
24500 1.79457 4.24594 1.23004 -0.0922597 -3.48617 10.1176 -11.2897
25000 0.054669 -1.42263 1.03481 0.551826 -8.34473 23.577 -13.7376
25500 0.0982958 0.584094 -1.42679 1.13758 -14.3613 -4.30222 -19.7275
26000 0.801572 -2.09552 3.5363 0.963937 -9.395 -26.2731 -18.2191
26500 1.59997 3.71075 0.566336 0.522816 4.68861 -36.0714 0.64454
27000 1.30562 -0.284901 1.45188 2.74988 4.70038 5.58773 14.8036
27500 1.79387 4.27012 -0.412601 1.5241 -6.66644 2.28929 0.67965
28000 -0.369725 -2.72273 -0.676219 2.28978 4.63079 -28.2659 -19.6972
28500 2.22571 3.7125 2.03725 0.927398 -2.17514 -5.60648 -34.2189
29000 0.714216 1.19988 2.35794 -1.41517 -2.05526 30.3905 -34.2026
29500 -0.970854 0.0116857 -2.05707 -0.867182 -4.2788 -9.98381 -24.2616
30000 3.3085 2.1627 3.39836 4.36445 -3.20211 -10.2567 -26.0698
30500 0.823349 0.594994 2.90458 -1.02953 -10.2645 -6.23451 -18.1458
31000 0.98934 1.82133 -0.455302 1.60199 11.0342 24.8072 -29.2357
31500 1.3968 1.89505 0.104863 2.19048 -6.99783 22.2169 -39.6594
32000 0.551193 -1.16547 2.20134 0.617711 16.2588 -9.37832 -35.7123
32500 0.802299 0.594224 1.65121 0.161466 1.41481 16.8803 -30.1366
33000 1.26954 2.48011 1.62909 -0.300581 3.89513 46.0062 -23.1371
33500 0.261685 -1.10205 -0.676892 2.564 5.60918 20.674 -16.0377
34000 2.17175 1.81516 3.88742 0.81267 6.11026 6.68084 -18.3819
34500 0.253017 -0.413705 0.858857 0.313897 1.82606 -12.132 -11.1094
35000 0.568778 2.59471 -2.24458 1.3562 -12.3763 4.61149 -15.1309
35500 1.69718 2.3842 1.41662 1.29074 10.602 14.791 -16.2025
36000 -0.372078 0.104413 -0.966958 -0.25369 -1.01735 21.3472 -33.7473
36500 0.387303 0.0888821 0.301879 0.771148 5.55533 57.0168 -29.8822
37000 2.11788 -0.204494 4.95899 1.59913 2.40937 10.0679 -33.4112
37500 1.02558 2.61173 -1.91876 2.38376 17.2721 20.6876 -24.2768
38000 2.44717 3.10214 2.91556 1.32379 3.51411 -14.7062 -26.1853
38500 0.445434 -1.94185 0.0857393 3.19242 -2.81788 -24.0229 -13.985
39000 -0.195043 2.5182 0.692379 -3.7957 -5.92187 17.1969 -5.11046
39500 2.83874 -0.807946 3.7315 5.59267 -4.43727 20.4948 -8.50801
40000 -0.222004 2.20587 -1.85522 -1.01666 -5.87459 18.7552 -16.2359
40500 3.01522 4.38827 2.11234 2.54505 0.65778 -12.2404 -27.2769
41000 -0.751858 -1.48938 -0.529464 -0.236735 13.7849 7.29282 -27.3014
41500 2.35621 3.66774 2.80569 0.595201 12.2818 15.0101 -22.0807
42000 0.0689698 -1.81681 1.53382 0.489894 13.5102 3.89798 -6.74195
42500 1.49465 -0.800604 1.70374 3.58083 -1.152 -21.4275 -3.83359
43000 -0.10982 1.95854 0.3418 -2.6298 3.86088 7.9036 -10.9714
43500 1.16891 1.35293 0.904186 1.24963 3.40326 14.9808 -9.77199
44000 3.4947 4.11156 2.70221 3.67035 9.15671 -10.8237 -5.06734
44500 -0.976815 -0.863624 -0.477074 -1.58975 4.99386 -13.4851 -1.33631
45000 1.88613 0.899136 2.09243 2.66683 -3.06063 -6.76172 -7.48711
45500 0.913792 0.922136 1.38178 0.437457 7.19046 8.33838 1.35102
46000 -0.78923 -0.0377545 -3.10822 0.778284 -9.04257 -2.08266 13.2691
46500 0.933166 0.445251 3.63914 -1.2849 -13.0326 -17.7137 4.56378
47000 1.25856 1.11207 -0.450102 3.11371 -6.97704 -3.3827 9.38932
47500 1.0227 -1.22612 3.81291 0.481318 -0.746448 -1.58122 22.0793
48000 2.41322 3.22431 0.887671 3.12769 -7.95357 -20.0762 2.90166
48500 1.34705 1.38953 0.876692 1.77494 1.23452 -17.6265 -20.8167
49000 0.571158 2.99889 1.27427 -2.55969 1.26721 1.43652 -24.2312
49500 2.1384 0.723176 3.30705 2.38497 17.7233 -6.48711 -15.6195
50000 -0.638752 0.34207 -0.218747 -2.03958 7.38947 13.7898 -21.0474
50500 2.27187 3.28699 -0.686051 4.21465 4.23667 -21.8662 -2.13423
51000 0.899985 0.651302 2.51938 -0.47073 -6.15448 -28.6744 -3.72816
51500 0.774075 -2.11297 -0.148827 4.58402 -11.5249 3.52236 -13.7866
52000 0.449589 2.56743 -0.260472 -0.958193 6.50816 8.84683 -9.74474
52500 0.0845042 0.00850099 0.234542 0.0104693 6.75083 2.18851 -17.045
53000 2.54541 3.20668 3.19901 1.23056 -3.89821 25.689 -12.9041
53500 -0.573958 -0.184937 0.0573155 -1.59425 -2.07277 19.0917 -17.2202
54000 0.756253 0.741094 0.133093 1.39457 6.89934 -22.5279 -20.7116
54500 0.603958 0.225995 -1.15282 2.7387 -8.18157 -34.0464 -25.4849
55000 0.839098 1.00306 2.75049 -1.23626 1.38446 -1.70804 -4.02267
55500 2.34922 0.623527 2.02058 4.40356 -11.8534 -12.3514 -14.5425
56000 1.44307 3.0607 -0.804124 2.07264 1.58091 -28.7992 -12.5971
56500 1.39212 1.79096 3.60984 -1.22445 1.15452 -51.1619 -4.06528
57000 -0.5409 -1.20989 0.161996 -0.574811 9.66317 -35.6272 -1.25036
57500 1.8907 0.959241 1.26439 3.44847 4.18574 5.66601 -9.78729
58000 0.120673 1.45356 -0.0317049 -1.05983 8.29432 2.39824 -6.846
58500 0.851506 -0.351514 0.787091 2.11894 1.65435 -15.3297 -33.548
59000 0.120296 -0.416476 0.531318 0.246045 7.24753 -13.4573 -15.8996
59500 2.40048 1.8057 1.99548 3.40027 6.67006 -38.0607 -14.2843
60000 -0.399756 0.661687 -1.51863 -0.342322 -0.556738 -46.5234 -2.01494
60500 1.66592 2.93364 2.70406 -0.639933 7.23904 -7.28622 -9.48199
61000 0.46464 2.55845 -0.419401 -0.745129 -5.08545 26.8031 -2.88142
61500 2.89877 -0.785468 2.46942 7.01234 -1.8625 4.70068 -17.3127
62000 0.165495 1.50758 1.99463 -3.00572 -9.62389 -17.5414 -9.3686
62500 0.844864 0.455612 0.261216 1.81776 -11.9002 -21.36 0.354204
63000 1.36528 2.75496 -0.90938 2.25026 6.44939 9.97211 0.150318
63500 1.82606 1.21209 1.78463 2.48147 1.56185 -12.0586 8.95065
64000 -0.0973537 -0.299546 -0.772628 0.780113 -9.08261 3.99158 6.43291
64500 2.24782 1.89469 4.31449 0.534292 13.1266 13.4331 4.95458
65000 0.659059 -0.133491 1.37826 0.73241 2.37984 17.3375 -13.2434
65500 0.5513 2.1843 -0.274995 -0.255402 -5.34449 16.4625 -8.23615
66000 0.989108 0.0917364 2.06445 0.811137 0.905408 -2.24273 -25.1383
66500 0.682549 0.547499 -1.29955 2.7997 -6.66568 -20.5228 -8.7548
67000 0.531218 0.240006 0.742932 0.610716 -14.6908 6.43179 -20.3716
67500 2.06952 3.87143 2.26366 0.073458 -7.04071 23.4902 -28.8464
68000 -0.107008 -1.5968 -0.29873 1.57451 10.937 -5.07658 -15.9965
68500 2.30476 4.8527 2.80367 -0.742081 -0.662961 -15.6049 -14.2806
69000 0.470852 -0.812236 -1.00426 3.22905 -13.8445 -19.4111 -20.7559
69500 1.83772 2.90521 3.47498 -0.867041 -6.9483 -27.5282 -14.006
70000 -0.29227 -2.72498 0.293124 1.55505 -0.652213 -6.29345 -1.71673
70500 1.39111 3.06174 0.154616 0.956981 7.93291 25.525 -12.7232
71000 -0.0973121 -1.32673 -1.21737 2.25216 4.96373 22.4051 -9.53605
71500 1.7098 2.09816 1.68902 1.34223 4.68611 -30.9163 -22.6035
72000 0.20771 0.670206 2.16663 -2.21371 6.72858 -48.3418 -16.8442
72500 2.96659 -0.849406 4.43418 5.315 8.20695 -4.05272 -11.0674
73000 0.844999 4.60604 0.2098 -2.28085 2.90356 14.3894 -15.8298
73500 0.920203 -0.295973 -0.308518 3.3651 -9.52501 7.63593 -23.0497
74000 -0.303163 -1.19667 1.2443 -0.957119 4.63174 8.13353 -18.1512
74500 1.57571 4.1464 -1.25562 1.83635 1.98543 -7.71893 -7.87311
75000 -0.0852703 -0.848729 -0.421805 1.01472 -2.94723 -30.6572 -1.51275
75500 2.47821 2.36291 4.99748 0.074246 -7.67895 -32.459 -12.2601
76000 1.02958 0.481055 -0.531159 3.13884 2.30751 -38.5662 -19.9942
76500 0.61422 -0.865367 3.80642 -1.09839 4.04938 4.2309 -17.9298
77000 0.85066 1.44524 0.464459 0.642276 -11.0744 40.3595 -22.7007
77500 1.10681 -0.729325 1.22305 2.82671 -12.6781 -2.17255 -16.382
78000 1.48887 3.96045 -0.696351 1.2025 -1.03761 -45.7865 -14.0216
78500 -0.0849133 -1.3519 1.25923 -0.162069 0.426291 2.4042 -21.9479
79000 0.228629 1.02458 -1.36712 1.02842 -6.80384 2.53402 -6.51737
79500 1.86784 0.140653 3.96367 1.49918 -7.61893 -9.81357 -11.1589
80000 2.40082 2.50833 -0.0122067 4.70634 -10.0541 17.1131 -22.67
80500 0.00560393 1.97565 0.995178 -2.95401 -9.40983 8.9557 -27.4658
81000 1.60796 -0.962442 3.26929 2.51703 2.30549 -5.56011 -10.7064
81500 1.77439 1.88821 0.78815 2.64681 -7.38547 -6.44565 -3.41542
82000 -0.203493 1.60964 -0.292839 -1.92729 -4.04287 -11.0155 3.49821
82500 0.826217 0.0624196 1.01028 1.40595 -10.8284 -19.3278 8.63266
83000 0.961861 2.58468 1.41971 -1.11881 0.771154 -4.76271 16.502
83500 1.09605 -0.34154 0.822413 2.80729 -2.73024 18.2311 9.0838
84000 0.896386 1.44375 -0.265878 1.51129 16.3315 23.6227 0.0927535
84500 0.663873 2.23851 0.457193 -0.704087 13.7509 -4.16093 -21.3319
85000 2.05229 -0.800525 3.12026 3.83713 11.8335 29.4267 -30.1282
85500 1.0706 2.90552 1.70015 -1.39389 0.605525 -10.9715 -31.4734
86000 -0.619907 -1.35629 0.36114 -0.864566 4.11707 -20.4139 -15.0238
86500 2.48967 1.20299 3.34899 2.91704 -0.361128 3.76014 5.19842
87000 1.40936 0.421471 0.405141 3.40147 -5.51652 12.5783 -8.66133
87500 1.6936 4.72573 0.924764 -0.569701 -8.43232 3.14831 7.782
88000 -0.203493 -1.20218 -0.322509 0.914212 -5.19883 11.0585 10.2456
88500 0.933746 2.17918 -0.57196 1.19402 8.68469 17.7066 -3.13133
89000 1.50446 0.872717 1.5784 2.06225 0.932536 5.32178 -13.8192
89500 0.668231 1.04978 1.14362 -0.188712 -0.0366001 -2.18428 -8.22951
90000 0.15306 0.48793 1.24105 -1.2698 -16.9884 13.9613 -5.82631
90500 1.10406 1.00093 0.165822 2.14543 -4.76432 7.78525 8.79672
91000 0.258402 -0.689167 0.162603 1.30177 -9.30506 -7.17191 2.47579
91500 1.75337 1.91705 2.85777 0.485304 -17.1006 -5.89568 -2.5616
92000 2.52933 3.65024 0.776259 3.16149 -15.3747 16.0916 -3.75361
92500 -1.36198 0.56079 -1.14731 -3.49941 2.33143 12.1292 5.13179
93000 2.64685 0.348753 2.75886 4.83293 2.05099 2.5287 7.32928
93500 0.500511 0.17983 0.178249 1.14345 -8.2093 -36.4563 2.51934
94000 1.12395 0.693575 1.29909 1.37918 -10.6898 6.01206 5.92057
94500 -0.49198 -2.51891 4.30381 -3.26085 -5.33554 12.1974 -0.387387
95000 1.40437 4.70301 -2.65894 2.16905 -9.81378 8.25011 -3.72602
95500 1.63372 1.08226 1.77947 2.03943 -5.15927 -10.1589 -7.16714
96000 1.01761 2.56698 1.56045 -1.07461 -8.76026 -17.4989 -3.97609
96500 0.830477 -2.2593 3.62529 1.12543 -5.97152 -8.32494 -15.5482
97000 0.857188 2.03949 -2.29343 2.8255 -7.7052 10.3954 -4.8256
97500 1.72027 0.824897 3.63552 0.700384 -6.34647 -5.03621 2.30894
98000 1.22071 0.495854 -1.11582 4.2821 -4.00767 18.9598 5.33692
98500 -0.191098 0.205987 0.691191 -1.47047 3.17207 -16.0851 12.8499
99000 1.95032 2.63632 1.32564 1.88901 -3.34508 -29.3756 26.7121
99500 1.37516 0.707062 2.1036 1.31482 -12.1523 3.16826 19.9418
100000 1.87928 2.15939 1.43181 2.04663 -16.8978 17.2482 1.71703
100500 -1.45093 -1.282 -2.92016 -0.150633 -16.0325 -17.2498 9.65936
101000 2.61733 2.54308 6.6039 -1.295 -4.72108 -5.65736 -17.1488
101500 -1.12565 -1.59618 -2.22491 0.444128 -1.13424 15.4047 -25.2425
102000 2.12385 3.48977 0.484526 2.39727 -9.33849 -19.2112 -15.105
102500 1.21146 2.8083 -0.597799 1.42388 0.319535 15.7503 -12.7295
103000 1.04078 -0.0322978 3.18681 -0.0321669 -6.84316 29.7485 1.9168
103500 0.430682 1.6122 -2.30402 1.98387 -1.86572 34.8824 9.70979
104000 3.05714 2.66998 5.09965 1.40179 -10.8796 0.380277 0.414181
104500 0.853253 1.30883 -0.100707 1.35164 -3.6012 6.01428 -8.09216
105000 -1.03395 -1.97976 0.771414 -1.89352 -11.1492 8.50094 -27.0637
105500 2.16966 2.04797 0.453118 4.0079 -5.71809 -3.84622 -28.0188
106000 -0.249693 1.0916 -0.478084 -1.3626 2.14685 -13.9501 -21.8633
106500 2.3196 1.99515 1.69837 3.26527 -1.97761 16.5637 -28.4114
107000 0.747933 2.16861 2.11772 -2.04253 -7.64519 5.54985 -12.5049
107500 1.55039 -0.334755 2.59872 2.38721 -10.6169 -28.676 -2.23024
108000 1.34114 2.60798 -1.12908 2.54451 2.54896 -40.197 1.81444
108500 0.633121 -0.493773 0.664343 1.72879 -5.79826 -36.8182 -1.14588
109000 0.543087 1.90899 1.03062 -1.31035 -12.8346 -2.63205 -5.38906
109500 0.165404 -2.20491 1.33434 1.36678 -8.06559 4.79804 -0.0623774
110000 2.51794 3.90614 1.15291 2.49478 0.0620857 -22.2579 -4.80952
110500 1.2934 1.12917 1.58171 1.16933 -9.38511 -25.4252 -10.9349
111000 -0.222349 -0.746046 -0.323685 0.402683 -12.2391 -12.3451 -5.51826
111500 1.32134 1.33667 3.9888 -1.36145 10.6948 3.10922 -2.12303
112000 0.565892 0.244059 -0.0484729 1.50209 -6.65097 -6.2511 -8.04518
112500 0.742572 1.38969 -0.427842 1.26587 2.79987 -16.037 -2.85689
113000 1.33871 -0.670262 1.3827 3.30368 5.12405 3.17163 8.00454
113500 1.84179 2.97533 1.60881 0.941233 -7.48658 -5.76594 18.5827
114000 -0.11699 -0.93298 0.44042 0.141591 3.23641 -22.9989 6.36471
114500 1.642 2.37111 0.733638 1.82124 3.48049 -6.78894 -9.68068
115000 0.0797127 0.307012 0.225909 -0.293783 6.32183 1.81452 -7.30288
115500 2.58497 4.94667 1.97829 0.829946 0.107924 3.4559 -4.68152
116000 1.51217 -0.225692 2.37933 2.38288 -3.83556 19.3892 -1.95296
116500 0.176599 -0.702063 2.10955 -0.877692 -8.04436 15.8774 -8.28793
117000 0.738172 0.937675 -0.476846 1.75369 0.688326 6.66036 -17.7426
117500 -0.0412935 1.01005 -1.96046 0.826528 1.66646 -31.599 11.3546
118000 1.93426 1.34092 2.49644 1.96541 3.55841 -20.0194 18.8112
118500 2.36671 2.8704 3.60558 0.624165 -15.5467 35.9259 19.1206
119000 0.168189 0.328381 -1.29801 1.4742 2.02105 17.1736 24.2027
119500 0.819715 0.08857 1.30559 1.06498 -2.60663 6.56175 5.27406
120000 -0.0553201 1.17743 -2.42969 1.0863 -7.64505 -18.1211 -7.71054
120500 1.43973 1.12345 1.43867 1.75707 -5.87461 -7.66489 -17.9464
121000 -0.516657 -3.05367 2.00782 -0.504119 -5.383 -0.656745 -17.0486
121500 2.64285 3.91779 0.877161 3.13361 0.342632 20.0169 10.5822
122000 1.13094 2.84604 -1.06486 1.61163 2.4273 -6.14199 10.6834
122500 0.925 0.277127 4.66335 -2.16548 -1.58477 -7.24517 -2.3519
123000 0.845135 0.604894 -0.305677 2.23619 -7.54719 -16.7839 12.3429
123500 2.50553 2.68706 1.76586 3.06367 -4.35064 -3.59154 -1.04233
124000 -2.3957 -2.08765 -2.28479 -2.81466 -4.84332 26.0353 15.5327
124500 3.24085 2.73774 4.28801 2.6968 -12.4008 -2.74613 11.4131
125000 -0.326939 0.756538 -1.60939 -0.127967 -8.23414 -0.389914 -11.3339
125500 2.49031 3.71222 2.52675 1.23195 3.95385 21.8622 -16.2962
126000 -0.429959 -4.01319 0.722285 2.00103 3.27783 -0.643093 -11.4258
126500 1.76532 4.08201 -0.890841 2.10479 8.1645 -13.1263 -3.72046
127000 1.08141 0.760101 1.58894 0.895187 -8.19078 -6.38767 -6.58368
127500 0.460983 -0.5202 2.06195 -0.158804 4.62123 40.8561 11.4095
128000 2.12349 0.807181 2.56255 3.00075 -1.28809 20.6203 16.6717
128500 0.486312 2.57607 1.11261 -2.22974 6.16812 -22.2592 -4.27111
129000 2.05691 1.0433 -0.212645 5.34009 -11.9821 -25.8945 -6.74096
129500 -0.973917 -1.67846 -0.994369 -0.248922 6.64932 1.92408 -22.1194
130000 0.909145 1.23664 3.07426 -1.58346 7.01859 -32.6697 -20.1532
130500 2.02614 2.81925 0.0827733 3.17641 0.606934 19.3901 -16.7993
131000 0.0766351 -3.30934 1.74082 1.79842 5.60208 12.5631 1.58501
131500 1.32752 2.65713 2.24287 -0.91743 -2.00305 -20.278 -3.37654
132000 1.97681 5.69542 1.26235 -1.02735 2.97794 2.72723 5.51059
132500 -0.149913 -2.71046 1.19986 1.06086 3.07727 16.9219 1.19888
133000 1.6337 0.562384 1.87202 2.46671 7.17164 28.598 -3.58816
133500 1.30937 3.21557 -1.54056 2.2531 -3.18993 0.542087 -23.0817
134000 -0.148178 -0.838469 2.83136 -2.43743 15.2373 7.9521 -20.2687
134500 1.79878 2.26044 2.33767 0.798243 -1.52838 -11.7123 -17.131
135000 0.688931 0.78424 -3.57203 4.85458 -2.76637 -8.17184 -0.982852
135500 1.89048 1.18898 4.34024 0.142228 7.4615 -7.88741 8.4822
136000 -1.04605 -0.333797 -0.483763 -2.3206 4.24906 4.21115 -9.97225
136500 3.34997 2.49098 3.95043 3.60851 -16.7654 -38.6918 -5.93774
137000 -1.68143 -0.562011 -2.35044 -2.13185 -1.21467 8.49852 -9.15327
137500 1.60478 0.645913 0.630518 3.53791 -1.64299 -8.14156 -9.59727
138000 2.19516 0.684958 1.49699 4.40353 -23.7683 -4.96108 -9.79625
138500 0.896385 -0.39801 4.34401 -1.25685 -14.6246 -14.9331 -16.0169
139000 1.22276 2.41002 -1.47121 2.72947 -5.29796 34.2764 -23.4492
139500 0.966673 0.642829 2.05735 0.199845 -10.1632 7.83112 -8.70819
140000 1.20853 2.68099 0.385362 0.559258 -14.4568 -19.6614 -7.20194
140500 0.204465 -1.60989 0.580864 1.64242 1.68155 -32.2318 -4.89619
141000 2.20616 4.42666 2.88275 -0.690945 2.34632 11.5969 -19.319
141500 2.5148 1.8895 3.89859 1.7563 0.86887 -3.39805 -14.5257
142000 -1.04127 -1.14941 -2.44577 0.471376 -0.238564 -17.4553 -19.0096
142500 0.981501 1.09445 0.592647 1.25741 9.39178 -26.2394 -13.3384
143000 0.00057264 0.752618 1.83851 -2.58941 -4.91515 -22.8175 -23.2647
143500 1.55505 -0.0951388 1.1799 3.58039 1.57793 -17.4768 -16.8918
144000 2.03929 2.51161 1.44892 2.15735 -2.61475 16.5287 -14.9134
144500 1.11728 1.929 -0.638845 2.06168 1.41596 25.2437 -7.64965
145000 0.0707566 0.721031 2.00196 -2.51072 3.40834 -4.09337 -13.6502
145500 1.54082 -0.753925 2.00456 3.37183 -5.19359 -0.364313 -11.0256
146000 -0.185201 0.541616 -0.107832 -0.989386 1.1024 -13.6347 -14.5614
146500 0.642255 2.20503 -0.247479 -0.0307843 -7.36126 -4.99547 -22.9785
147000 3.217 1.71448 1.60469 6.33182 1.53513 -15.4835 -21.2837
147500 0.884822 2.15585 2.00096 -1.50234 -0.659654 -4.16005 -29.2671
148000 1.96482 1.93252 2.52661 1.43534 -5.14226 -8.83665 -20.6731
148500 -2.30428 -2.66304 -1.85941 -2.3904 -5.22795 7.34835 -20.3425
149000 1.88228 2.8421 1.53694 1.26781 0.800567 -8.76136 -8.16008
149500 2.68853 1.26182 2.24077 4.56298 -1.96886 -7.94738 0.0386605
150000 -0.148118 0.712732 -1.95048 0.793393 -13.174 -20.2872 12.9621
150500 0.16424 -0.362496 2.6554 -1.80019 -13.631 -26.1588 3.79207
151000 2.64106 3.78647 0.498444 3.63825 -0.544747 -5.28434 -4.52369
151500 -0.969845 -0.857456 -1.09247 -0.959613 -10.3281 -1.76086 -25.5713
152000 3.77775 3.27043 5.21109 2.85173 2.21634 -5.07255 -17.7446
152500 0.363369 -0.342272 -1.27814 2.71052 -5.04667 -48.5028 -25.3424
153000 -0.0583372 1.32191 1.25031 -2.74723 -0.873863 -51.3527 -10.1847
153500 0.323762 -0.329853 -0.139565 1.4407 -12.3836 -25.6142 11.8392
154000 0.567854 1.5642 0.0630182 0.0763453 -5.07198 3.18091 20.311
154500 1.7425 -0.379521 0.798201 4.80883 -1.27483 -13.8771 22.471
155000 0.519032 -1.51042 5.87252 -2.80501 -6.55706 -15.7434 5.46951
155500 1.62048 4.41707 -2.50316 2.94753 3.51674 5.0029 -3.29093
156000 0.687246 0.213338 1.54128 0.307122 1.28133 25.2607 -12.9291
156500 1.58911 4.47396 -0.666133 0.959506 3.90019 -34.5888 -23.5005
157000 0.48116 -2.74204 3.72716 0.458357 -8.26775 -43.623 -26.1006
157500 1.83406 3.85232 -0.959051 2.6089 -7.26504 -15.6713 -18.4733
158000 0.366426 0.747589 1.62708 -1.27539 -11.3136 -9.12359 -12.4921
158500 2.58027 1.45934 2.73975 3.5417 2.0738 2.67602 0.863496
159000 -1.00408 -2.09049 -0.909062 -0.0127008 -4.17669 0.266819 -10.532
159500 0.161816 1.7343 -0.504125 -0.744728 -3.78237 14.7656 -3.0033
160000 1.7222 1.59925 2.28262 1.28474 4.73557 3.05477 6.52066
160500 1.24684 -1.35247 3.22272 1.87029 -2.67544 -47.306 6.79547
161000 2.17512 3.75047 1.10999 1.66491 -2.9932 -20.4402 -5.66724
161500 2.13175 3.15494 2.46649 0.773826 -0.580381 -6.27919 -10.0239
162000 -0.906794 -2.452 -2.77153 2.50314 -7.77131 2.32237 -21.0818
162500 -0.221959 0.339443 0.858595 -1.86391 -8.96569 -0.667114 -20.4529
163000 1.20457 3.37287 -0.211215 0.45205 -8.7094 2.85296 0.624338
163500 2.65545 1.17196 3.66487 3.12951 -8.46844 -19.9939 -3.42522
164000 0.420216 2.29574 -0.569602 -0.465486 -26.1898 -21.9407 1.24068
164500 2.1534 -1.55161 3.46364 4.54817 -24.3495 -5.34341 -4.15359
165000 1.33951 2.4629 1.56085 -0.00521986 -11.6608 -10.5953 -7.28035
165500 -0.534315 1.06398 -0.880197 -1.78673 -3.87123 -10.4094 -10.1647
166000 2.3468 0.890224 1.66698 4.48318 -0.11312 -18.9025 -9.5038
166500 -0.983721 0.801824 -0.365758 -3.38723 -10.5366 1.50248 -5.73455
167000 1.43194 -1.67508 1.74257 4.22832 -31.3217 7.69619 -26.3416
167500 0.619974 1.97567 -0.822207 0.706457 -18.621 1.91248 -15.78
168000 1.81033 1.40676 1.73305 2.29117 -6.86217 8.15275 -10.0784
168500 1.29683 -0.27092 3.93262 0.228805 -20.4401 8.99883 -4.65184
169000 0.513191 2.62858 -1.40894 0.319936 -16.0395 -7.67211 -1.06432
169500 1.40381 3.52308 -0.749506 1.43786 -5.34138 -1.25504 -0.271426
170000 1.98127 1.46769 3.28004 1.19608 -14.425 3.84678 -0.954745
170500 0.329385 -1.74647 0.896317 1.83831 -7.07285 21.9007 -7.25641
171000 1.55544 4.54515 0.891766 -0.770579 -3.14311 10.4147 -9.77086
171500 -0.863515 -2.35537 -1.98333 1.74816 -9.84201 -18.279 -34.7843
172000 1.12229 1.67236 0.980151 0.714347 -2.98013 9.11123 -34.089
172500 0.623259 -0.683493 3.28355 -0.730276 -2.2164 34.1184 -27.4653
173000 2.6859 3.53838 0.200523 4.3188 6.78291 -1.55832 -25.2927
173500 -1.46297 -2.71815 -1.06732 -0.603435 -8.85674 9.76932 5.3411
174000 2.35612 1.79442 3.69281 1.58114 -10.7907 -18.7188 28.2742
174500 0.966335 0.927832 -0.0783299 2.0495 -11.917 -26.8318 28.8661
175000 1.34359 4.30864 -0.0768973 -0.200966 -10.2669 -10.419 8.13615
175500 0.27196 -1.22064 0.400576 1.63594 1.14461 -0.105451 -1.24941
176000 1.32942 1.77999 2.6068 -0.398522 1.21107 -7.37584 -11.5839
176500 1.79428 1.17835 3.75799 0.446509 -23.4788 -5.26606 -19.0594
177000 0.913154 0.39375 1.03113 1.31458 -17.0214 -2.49019 -15.4522
177500 1.08151 0.573294 -0.751842 3.42309 -9.94299 -28.924 8.01053
178000 -0.518672 -1.4579 1.55051 -1.64863 -10.5456 2.46942 7.56107
178500 2.09243 3.68433 -1.57174 4.16471 -1.99669 6.60482 -0.82028
179000 1.31578 2.37385 4.06974 -2.49623 3.64093 22.2254 -9.93412
179500 -0.495124 0.531063 -4.6925 2.67607 6.03727 -19.338 -0.693239
180000 2.29728 -0.920536 6.11834 1.69402 -12.1822 -18.8211 -5.7705
180500 0.621694 1.91023 -1.76915 1.724 -1.2204 25.093 -7.72209
181000 1.66884 2.24468 2.56682 0.195035 -11.4505 -3.69261 -25.0286
181500 0.992005 0.0727216 2.35036 0.55293 -2.42217 -8.97049 4.66566
182000 1.13674 2.28035 -0.575161 1.70503 -11.0212 -1.85707 9.67485
182500 0.555112 1.66428 0.0972868 -0.0962271 -2.81201 14.4883 0.64856
183000 0.352755 -1.88031 1.4187 1.51987 12.5147 -18.5552 -11.0478
183500 0.969706 1.44038 1.31573 0.153012 5.05629 -4.26783 -3.63114
184000 0.127282 -0.944552 0.341455 0.984943 -3.38106 16.8735 -7.80662
184500 1.32109 2.25834 1.8849 -0.179983 -14.288 3.88879 -18.904
185000 1.75002 1.44972 1.78578 2.01456 -0.687131 -4.92085 -15.1762
185500 -0.74707 -1.74217 -1.64579 1.14674 4.3555 -14.3151 -1.14821
186000 1.86283 1.86018 0.981904 2.74641 7.05539 12.7368 12.26
186500 1.69009 1.57637 3.88646 -0.392554 0.134835 6.24799 -0.862659
187000 1.1217 1.5704 -0.746911 2.54159 -5.82702 19.2888 -9.76786
187500 1.41908 -0.672608 5.00402 -0.074167 -9.31663 18.8528 -8.6126
188000 0.442097 3.03028 -2.27098 0.566989 6.08272 -16.1526 -1.6727
188500 0.703207 -1.18098 -0.0803296 3.37093 -0.372838 -5.59703 -5.0276
189000 2.16003 4.21879 4.35415 -2.09283 -5.78733 -10.4245 0.44136
189500 -0.415536 -0.70511 -1.54937 1.00787 3.10383 -10.7283 -22.7551
190000 1.47637 1.30068 1.32105 1.80738 2.91973 -8.56338 -14.884
190500 2.22073 2.43276 0.759165 3.47026 -6.03728 5.45006 -27.6428
191000 -0.938854 2.1612 -0.443611 -4.53415 -2.72346 35.2409 -21.8924
191500 1.92953 -1.70817 1.25675 6.24001 -16.4592 12.7398 -5.56359
192000 0.268497 1.38999 0.153107 -0.737609 -12.327 7.84888 -12.0053
192500 0.904994 0.792904 0.578029 1.34405 -0.866785 0.675883 -3.49398
193000 2.24438 0.452074 3.09172 3.18936 -1.9873 25.4308 -5.96173
193500 1.58302 3.74117 3.11211 -2.10423 8.11089 23.6144 -1.65351
194000 0.00327426 -1.17096 -1.14095 2.32173 -11.2361 19.6702 -7.02845
194500 0.37238 2.44589 -0.619713 -0.709039 -0.807148 29.5242 -1.88001
195000 0.852357 1.50888 0.615782 0.432407 -2.13577 8.11522 6.57704
195500 2.28185 -0.223041 2.87238 4.1962 -2.30045 8.99771 7.16928
196000 -0.131428 -1.02618 0.948458 -0.316566 -8.45321 25.5765 -4.45909
196500 0.075468 2.03185 -1.45692 -0.348524 -5.13813 16.519 -0.100972
197000 2.05442 0.794872 3.21939 2.14899 -10.5678 7.03678 -6.13792
197500 1.28077 1.28878 1.44601 1.10753 1.12663 -8.59715 -0.770347
198000 2.19791 1.84381 1.49654 3.25337 -8.453 -11.555 -14.2094
198500 -0.208106 0.729033 0.893032 -2.24638 3.16351 3.29229 -9.0835
199000 1.04976 1.33642 0.278306 1.53455 -5.85929 8.58205 -5.87473
199500 -0.0599228 -1.05346 1.12482 -0.251137 -0.608842 9.4133 1.45869
200000 0.840361 1.20129 1.83623 -0.516436 -10.3993 8.48281 -11.7204
